85290
85291
85285
728318
83899
83900
83901
85280
81870
100507608
100505724
100533177
100505753
83902
3883
3884
3885
3881
8688
8687
3882
3886
8689
3860
3866
3880
3857
3861
3868
3872
10209
2520
9001
3728
10609
60681
115024
317719
55175
47
83538
1267
7266
28511
201181
79132
2648
94086
5878
23415
3060
84514
6777
6776
6774
284119
535
4669
3292
80347
6945
29893
162427
7283
27175
79990
2826
8506
2145
10266
84313
65266
28958
124817
8678
10197
314
8639
2538
80755
100885850
100885848
146923
6155
3430
10493
8153
672
4077
113277
379
1659
2118
