11262
93349
6672
51719
81618
9290
130560
257407
5707
3357
80210
93010
4691
10316
165100
5757
5147
64708
4880
129563
250
251
248
9427
646960
1144
1146
200765
9470
80303
26058
3769
389084
25791
4759
55054
6295
8527
55230
54576
54575
54600
54577
54578
54579
54657
54659
414061
54658
339766
55355
79054
6694
10123
23677
116987
2637
401036
79781
57007
10920
1293
79083
51052
64284
9208
375316
10267
140739
51540
339768
377007
151176
80895
55502
8864
26146
51665
100287387
9759
401040
101927147
4705
389090
643905
150681
150678
150677
2817
51281
285193
57140
11132
