493869
345643
10309
54505
23517
8611
153129
54514
133396
3572
79722
101928448
4214
133383
166968
65056
345651
10769
202309
115827
5144
55789
79993
1161
91942
643155
57688
285668
3796
27292
51194
100130733
3350
285671
401190
100132916
285672
10283
11174
64105
23398
373
80006
54557
57486
55914
140890
375449
4064
5295
64924
891
64946
92259
1022
202243
6880
5884
153562
100506658
728340
728492
6607
101929599
8293
6606
4671
2966
55814
64087
9607
4131
23107
79810
167465
3842
115548
134285
134288
2297
689
57763
84135
64283
8507
3074
84340
10412
26049
51301
256006
3156
10087
