399697
6557
1854
2200
22995
399694
23741
9728
9318
2585
196951
2252
56986
79895
11001
3067
2553
9101
373509
54822
84888
23431
388121
1588
342035
23312
29106
256586
29767
29766
123169
5597
10017
10681
55930
4644
10776
56204
3175
101928499
256764
440279
51187
5873
9488
9236
145788
161582
26108
283659
4734
64864
374618
55329
54816
6938
84952
100820829
145781
81488
8854
366
101928635
3990
102
54629
79811
54778
9133
4643
92483
145773
9245
2958
663
27023
302
79664
6095
54832
145741
388125
83660
7168
114294
51065
51762
83464
771
9960
283807
8925
23604
