9134
94241
137682
79666
157657
392255
7381
51001
9791
6383
10404
85453
92140
55353
4147
6156
203111
10247
10940
79815
3788
6788
116039
157680
1345
26166
286151
5440
6674
25897
157567
169166
26986
7534
51123
79977
83988
50484
51366
4956
7071
101927245
51582
528
79870
8323
115908
81034
25879
9699
81501
1807
29967
23414
55074
137735
284
340419
3646
9694
157753
7201
84955
56943
93035
9166
55638
27012
114788
7227
8667
84294
5885
441376
169026
90390
2131
401474
4982
10584
114569
4856
5168
6873
79075
64798
7373
28998
27085
6641
3037
22882
