79501
100996442
729759
81399
148398
26155
339451
84069
84808
57801
9636
375790
401934
54991
254173
8784
7293
51150
126792
388581
118424
6339
116983
126789
54973
80772
83756
1855
54587
54998
81669
55052
441869
643965
64856
219293
83858
55210
339453
29101
643988
142678
8510
984
728661
728642
9906
65220
2782
163688
339456
85452
2563
5590
100506504
199990
6497
79906
11079
5192
9651
55229
388585
8764
127281
79258
100287898
140625
63976
27237
1953
127262
49856
7161
148870
388588
57470
9731
1677
339448
55966
261734
8514
26038
6146
388591
23463
390992
387509
11332
54626
83715
8718
