54555
9454
10147
93436
284439
54929
100271849
4207
729991
8625
126382
1463
404037
53345
57794
23383
54815
83983
51079
374887
148113
80714
9170
51291
57130
94039
7561
440515
56242
81931
91120
7643
90649
100129842
199777
7639
80264
148206
170959
7562
284443
353088
400682
163227
7594
7757
113835
163223
100287226
148198
57615
7652
388523
100129543
7644
171392
148213
9534
101929206
730087
7386
342865
10775
79156
83636
898
8725
9745
101927254
57616
100507527
22847
147991
9141
84079
390916
388531
91646
11136
84902
91442
85415
55094
126248
4037
56301
1050
1054
5184
64377
79047
26065
9710
