90589
7695
101060181
51710
147837
79973
90576
10224
163051
163050
57474
163049
4125
84292
51398
1725
648044
84261
30000
79002
439
54831
29911
3726
7001
10535
83546
22983
1777
10661
2639
256126
2193
811
5886
90480
199699
4784
4066
55621
112939
8677
9592
773
81576
84245
28974
65249
342977
79173
54862
79883
90379
5989
117579
9466
342979
113230
646457
90378
5566
55723
22859
976
10212
5585
5731
10755
3337
9524
4713
388512
84658
84449
30817
26664
26659
390892
26333
26658
6511
126402
23581
126370
85360
10994
4854
79852
23476
10270
26993
58525
64926
