127540
84970
2709
127534
2707
2701
113444
58512
100506144
9204
79830
6421
9202
79932
23154
339488
5690
127703
63967
192670
26523
192669
27285
54936
1296
27095
55700
9967
79729
55194
83931
84967
127700
64960
1441
2899
80149
64769
79753
7802
29889
284654
54955
55143
284656
149175
79693
127687
4520
3633
10946
2275
51118
5453
64121
26292
81025
54933
79647
4725
23499
643314
353500
8761
26508
84618
51440
10450
656
64064
101929536
54802
4610
84879
10487
5538
6018
127391
10269
1298
64744
65243
339559
64789
127396
9783
4802
9132
163732
1503
200172
22955
100132074
