374308
22931
283078
55130
143098
51322
25805
283080
84569
6840
57608
101929256
55149
1326
119180
220929
6935
100505502
94134
3799
80314
79741
3688
8829
56288
8453
1390
219771
219770
8325
91074
100288485
57209
219749
7581
7587
101929373
7582
9790
5979
55454
221002
53828
3185
8187
220992
7580
100130539
6387
643236
83937
11067
220979
7570
79290
240
220972
93550
253725
119016
83849
9721
5540
728113
195977
642517
100133093
653145
118738
5949
2658
2662
26095
101060581
644054
143162
5599
58504
57705
474354
196740
170370
170371
118461
644168
2074
267004
101243544
1103
6572
282966
55753
8505
