79841
23360
23279
5795
119765
119764
390113
256148
256144
403253
283116
646754
2346
101060256
283092
283093
81318
119749
79097
81327
81328
81309
219428
219429
81300
219431
219432
390142
219436
219437
219438
26338
390144
84767
390148
10798
282770
338674
219447
120586
390151
390152
81168
219453
282775
219464
390154
390155
219469
219473
390157
219477
219417
219479
390162
219482
219484
219487
390167
390168
338675
219493
390174
283189
390181
219527
187
85456
6749
5024
10394
5553
29015
349667
8501
26519
219537
9246
710
219539
10978
25921
219541
51075
280636
643376
1500
219956
219952
219954
219957
219958
219959
