448835
4184
3713
163778
6698
6707
6699
6703
6700
6701
6704
6705
6706
149018
574414
4014
114771
57115
6280
6283
6279
338324
645922
6278
6277
6276
6275
6274
6273
140576
57402
6284
6271
26097
23557
3608
4881
65123
11000
57459
9909
200186
27173
148327
10899
5872
6232
91181
7170
388701
25912
9898
10456
89872
57198
3570
126669
126668
55585
1141
103
3782
10654
57326
90780
101928120
6464
1163
80308
55891
51043
127579
149095
8751
1945
1944
1942
55974
54344
200185
80128
4582
7059
4580
2629
10712
10067
1196
57657
5313
2224
284618
23623
