27019
375704
1271
138716
11258
138715
10280
2592
3590
10850
6363
6366
259308
23349
25822
138724
7415
2189
84720
30968
80256
10497
9853
730112
7016
971
27240
203260
84904
768
7169
7094
10488
57704
9827
692094
4882
26206
84681
392307
51754
392309
646962
56656
8434
152007
881
1211
10020
152006
9833
5079
84186
9380
9925
64425
26267
401505
22844
158234
51010
79269
92014
6461
219
347252
253650
79937
647060
100289279
727830
26149
727905
441430
728013
101928195
101059935
441425
389730
728577
101060026
100132874
26165
100132004
100996643
84210
644249
653404
644019
728747
101929583
100132154
