51604
10406
10816
140870
100526773
57119
90199
259240
140832
259239
280664
164237
391253
140686
116092
11065
7125
90203
10005
140831
90204
128497
140825
5476
5360
63935
63925
4318
57468
57727
958
64405
51006
63916
55713
128506
64849
112858
81031
2139
23613
8202
55959
57580
10564
1434
6780
55661
57169
3745
5740
9334
23315
9825
55905
6615
7335
387522
387521
1051
100506115
5770
140876
84612
55653
23394
8813
27304
3755
4773
10079
57167
55734
128553
7764
8537
1591
5203
55816
140689
4159
116151
6790
1477
57091
51507
140687
200232
388799
7022
655
23626
8480
