219960
81341
219965
441608
390190
390191
219968
9404
80829
1270
10249
219970
92292
374393
63901
23220
219972
390195
219981
219982
219983
390197
219986
390199
5007
219988
390201
6809
54948
2694
6947
219990
932
2206
64231
643680
51338
245802
58475
84689
64232
931
54860
503497
83661
728588
219995
341116
79080
11251
22917
27339
79073
54972
51296
923
921
55048
643834
643847
5222
220001
1642
26007
220002
51524
51259
79869
54949
220004
390205
9066
747
745
746
2237
3992
9415
3995
5866
7439
2495
3619
10648
4246
10647
4250
404552
80150
7356
79026
1937
64852
