8344
8360
8351
3013
8343
8367
8339
3012
8353
3007
8361
8369
8968
8345
8355
8346
8365
11118
10385
11119
10384
11120
696
10473
29777
79692
8970
8969
85236
8294
85235
10279
94026
346157
7738
8340
8329
8357
8331
8342
8363
8362
8341
8330
8332
3009
8354
8368
8356
8336
8348
81697
26212
7718
80345
7745
7746
387032
222698
7741
84547
64288
80317
9753
222696
257202
2880
114821
5987
282890
26692
442184
442186
26707
442191
81696
81797
26529
26531
442194
26716
116511
10537
7932
2550
4340
346171
3134
554223
3135
3105
30834
6992
