165324
388931
80304
2281
51639
9540
375189
375190
653140
50618
8648
391356
79172
109
51277
22979
5443
1788
1838
55252
3797
10890
150946
3030
3032
165082
85465
92749
9381
339778
130106
3777
54978
1058
56896
22924
54867
60509
100128731
11117
3795
10669
84696
10113
339779
150921
8884
51374
790
7781
285126
57159
7349
4358
2976
8890
9784
130557
5496
29959
200634
26160
64838
2646
84226
84450
79635
11321
9913
22950
9553
64080
9577
2355
151056
5500
245711
55006
23160
165186
388939
79745
238
51646
81606
253558
92291
79623
440854
30845
7498
6716
51072
