285203
7110
9039
10550
56203
23150
4286
27086
317649
2850
60675
23429
55164
727936
151987
55096
23024
5067
100288801
100131827
6092
6091
2632
253559
389136
25978
5449
3355
8545
55279
285237
100506944
2042
5627
200894
415117
200895
63899
285220
84100
131544
84864
200959
81050
26341
403273
403274
79295
79310
403278
403277
26339
402135
56650
2838
1371
10402
131566
1295
84319
11259
55773
56954
9868
348801
55076
84873
10342
25890
50939
57337
54931
57092
27107
6152
79598
91775
64332
131368
214
868
84692
56987
961
55081
11148
22989
57650
9666
84666
50852
9626
27136
