130827
5455
64965
11250
9392
79074
2274
8440
84417
80146
402096
653489
84620
285190
60482
442038
6819
27233
9648
3987
5903
165055
10913
151011
65124
84220
96626
7851
4867
100288695
729540
699
55289
10018
101927260
64682
10461
84910
129804
84524
376940
727851
150465
84172
84269
6574
150468
3552
3553
27178
56300
27179
27177
26525
84639
3557
23550
7849
150472
200350
11159
80255
10096
57628
8886
54520
51141
2019
8685
165257
55240
130355
1622
140738
6344
200373
80775
101927764
5775
57669
79134
5899
3625
2736
29842
23332
84365
7247
129684
2995
274
339761
2071
