926
400966
5343
730268
5342
729857
51315
150572
2168
55258
344167
200523
9451
22934
101060017
150483
4118
64969
84874
7549
150696
30818
51011
653192
129868
400986
150763
151
431705
1844
56910
55654
9391
23020
150771
23397
93082
10865
55683
90342
81562
26504
26505
200539
51239
54910
51252
151313
375248
57730
1329
10120
7535
23505
200403
1261
3631
493753
25972
11320
343990
80705
150590
51601
129531
51263
254773
129530
10190
9669
51455
3899
164832
9486
129521
79031
4862
6160
11138
55571
284996
200407
731220
9448
7850
3554
8808
9173
8809
8807
389015
6549
84804
