25898
152815
152816
8999
9908
8615
5470
27163
55153
4283
419
3627
6373
53371
950
100129583
100631383
8987
339965
57619
345079
55752
10983
901
10563
246175
65008
80144
306
55589
152559
84779
2712
118429
56978
2250
255119
651
5593
153020
3184
9987
58478
441027
79966
22872
79725
132660
51138
51316
27235
10855
113510
51023
84142
84803
4825
1040
23001
83478
5602
5783
345274
132989
4299
57563
345275
51170
53343
8404
1834
1758
3381
56955
6696
5311
9429
152926
55008
51191
84992
100996939
8916
266812
10144
166815
285513
6622
22915
401145
2895
474
56916
