1548
1549
1555
1553
1572
29785
558
11100
90324
7040
641649
80776
56915
593
374907
55101
100170765
90273
1089
1087
1048
4680
1084
147719
63946
6223
973
9138
390937
10567
478
2901
64763
5452
162989
116115
2931
2077
23152
5050
284338
284339
1954
84518
3991
284340
634
1088
5671
440533
5669
5675
5676
5680
5670
5673
5672
5678
57126
83639
27076
653583
23474
284346
7515
390940
126298
79177
126299
100170229
199731
5329
56269
56006
3783
284348
284349
342908
7596
7638
7711
7773
7673
7766
342909
7767
7768
10780
7769
7770
353355
9310
7771
