6580
6582
6581
4018
5340
4216
56895
5071
135138
9444
168090
10846
6862
285800
113402
51660
6196
8635
11116
1235
2853
401285
54346
83887
6953
4301
100128124
3834
79981
168002
64094
7058
253769
387263
55274
6991
55780
28514
84498
5689
6908
5134
101929692
56975
100288524
5154
5575
54919
23353
51608
11033
90639
54905
84310
115330
2852
90637
340260
79778
26173
7975
202915
84262
392617
8379
29960
4521
29886
8662
55501
402635
3955
221927
23288
80727
155185
2768
84433
221935
221937
9907
55698
56903
221938
57786
100533952
26100
222962
84629
80028
60
6624
54476
