101928892
49
11158
10752
27255
152330
3568
51095
51185
57633
6419
285362
3708
8553
55207
9695
2917
29995
51066
859
5021
56852
9901
25917
55209
375323
64419
151835
7862
4968
8536
10474
10093
100526693
26140
285367
63924
84522
132014
84818
78987
285368
55831
401052
2177
115795
55845
7428
3656
9797
51738
6396
491
6538
6529
3269
10533
9686
132001
101929530
6854
7079
5468
80746
100129480
23609
5894
55287
23066
6161
9922
23225
79885
2199
7476
131474
79188
7508
27258
6533
80852
51244
84077
152273
7182
64432
64145
23473
9467
131965
85403
8292
26061
