56603
23233
6697
2016
94097
26056
344022
10322
84279
10574
150726
1961
7840
9027
51471
51002
8446
388960
10617
72
1716
200424
388962
55233
10797
57835
1639
388963
84058
6242
83444
23559
7841
116540
84865
64427
85474
84759
3196
165545
550
27429
84695
1796
130951
10505
3099
56655
6869
84141
9801
6936
80059
130120
5968
5967
5068
1496
347730
8802
1768
129293
9168
56888
83439
10618
54884
84173
822
284948
4144
2677
8673
10791
51255
129303
10713
388969
6439
10578
84913
8869
25885
55037
10989
51318
65055
55818
51652
100526767
7844
64795
925
