3606
83875
5805
349633
4684
54970
255239
1813
80975
9183
644672
57646
9177
3359
7704
4837
54494
10179
25996
120400
54827
120406
23705
84811
8882
116519
337
345
335
23387
5049
51092
6876
9159
257160
23621
22897
57453
486
100533181
53826
84000
3587
56649
6330
6327
120425
196264
10205
916
915
917
9354
10632
4297
143941
84866
56912
372
23187
11181
1656
643
283149
7379
283150
338657
6230
51399
2542
10525
55823
3145
3014
1798
9854
25988
64137
79671
79849
283152
867
4162
79102
83552
114902
9099
7070
5818
23650
220323
25833
219902
