64968
9992
54065
101928147
3753
1827
54102
861
54093
873
874
9980
23515
8208
23562
6493
3141
53820
51227
7267
10311
1859
3763
10281
3772
2078
2114
8624
54014
3150
7485
150082
6450
10317
150084
5121
1826
25825
191585
54097
4600
4599
7113
54101
63977
25966
49854
89766
9619
7033
7032
7031
64699
53347
89765
54020
5152
10785
4731
5316
875
7307
1409
150094
11077
23076
8566
1476
8568
56894
7109
5822
8209
23308
29947
326
5211
755
7226
81543
54084
386677
386679
386682
386672
386680
386674
386675
386681
386676
353333
386678
386684
