4660
127833
10765
5877
59349
51094
51706
92703
8497
4656
134
4608
1116
1118
7832
2331
5549
26254
493
54900
9877
100381270
6635
9580
55224
5972
3814
127845
22874
84919
5287
4194
10446
23114
6900
388730
5929
25778
9911
81788
55220
93273
5129
148808
2005
85414
64710
8934
254428
148811
115019
729533
553
440712
1510
9641
83593
1939
8444
9261
3586
29949
50604
11009
9214
5284
83953
79098
5208
55432
725
722
1604
1380
1378
1379
4179
947
5362
642587
57172
3914
50486
3290
80342
148304
3664
27042
255928
56256
55733
3756
55758
