84288
55083
64754
64216
163882
51097
100130097
25909
57116
93474
79862
388759
7678
317705
84838
114548
127623
441932
148823
81472
81470
81469
25893
441933
343169
26188
284532
391189
343171
343172
284521
391190
391191
81466
26246
391192
127059
391194
127062
26245
391195
127064
391196
127066
127074
254879
26696
401992
343173
401993
391211
343563
127068
127069
127077
403244
403239
401994
646627
80851
79894
55657
267002
347688
10771
22982
23185
23560
91734
3422
22884
105
101927824
5214
10531
1316
83592
1645
1646
8644
1109
114131
79861
10276
51806
810
79754
54906
2665
54522
84893
3601
3559
