445329
6693
23475
283897
653808
3835
4150
112476
79447
9961
10423
26470
253982
253980
124446
9344
8479
283899
8448
146378
83723
226
5531
6911
83719
79153
5595
11151
654483
548593
6818
10421
26000
29895
1731
197407
51333
79077
22928
3683
79724
65988
92595
146542
146540
115509
78994
64319
730183
10847
100862671
5261
90835
9810
23361
9274
1489
54620
93129
9739
80270
112755
6810
79759
9726
339105
79001
10295
84148
5652
146547
2521
29108
493829
260434
3684
3687
3681
1339
283933
79798
7041
6524
64755
51327
124411
10308
729264
100507221
24150
653550
729355
101929605
