5994
4093
29880
11340
55578
122011
10631
7223
51569
341640
161003
80209
387921
10186
57511
2308
10240
10166
1997
11193
89890
84078
9617
79612
28984
23078
160851
11215
8600
144809
94240
29103
55068
160857
144811
79024
387923
8848
26747
55425
2963
386618
7178
253512
83548
220081
220082
283514
23091
1361
3936
220416
80183
23143
2098
3356
8803
55270
29079
9445
5925
10161
1102
57105
22862
2862
81602
81617
83852
51131
55213
115761
84650
3839
57213
10206
283518
220107
79621
220108
647174
26512
115825
79758
83446
540
440138
9724
341676
4752
55901
51028
26586
