101927989
400658
7776
4155
2587
27164
374868
100996274
4772
9150
26251
80148
440498
10907
79863
22850
84552
81099
101928344
8612
101929060
54531
51298
126567
25759
284451
8174
91978
997
3004
682
610
5442
27006
55658
10272
400668
5064
126353
5725
79948
566
5657
1991
1675
10025
91300
84634
1820
57418
116444
91304
1265
10347
23526
5434
2879
22904
6794
255057
513
90007
1153
55009
1943
84939
374291
2593
26528
6209
10297
148223
54760
92840
339366
126520
399664
53615
10975
6929
390874
148229
57455
83855
81926
113178
113179
1455
55643
2872
126308
113177
8943
