51696
167838
10370
4829
51534
57211
3097
51390
134637
8504
2519
9749
84946
153918
5325
83443
8676
7402
7957
84085
257218
2911
10981
79747
134957
389432
23328
10090
23118
387082
340152
85313
116254
11104
9113
348995
5110
84918
135250
353091
80328
80329
154064
79465
81706
389434
57480
25902
9590
57621
55005
79624
80129
2099
23345
80177
7432
26271
54516
26575
4988
26034
154043
101928868
22828
26230
51106
49861
50508
57492
729515
79683
51429
8871
84947
404672
56995
57583
6993
94120
7430
100130967
83861
117289
84624
6648
9589
39
6950
29074
154197
4142
3482
