84191
6642
79856
5479
53944
9768
9325
23060
4947
348093
80119
80301
348094
51324
123263
123264
51285
390594
390595
10081
10845
8483
54956
9543
57722
54878
51495
81556
9187
10260
8766
84465
115752
54962
5604
10302
6124
55055
197021
4091
4088
79719
64799
145853
5607
390598
8554
91860
54982
10116
22801
10391
8125
246777
79400
26035
54852
9493
6176
7090
55075
55323
54839
56906
196993
79875
10002
4649
123228
196996
5315
56965
60677
3073
338949
25820
646670
55889
585
83440
4756
10021
283677
27020
80381
388135
161514
4016
9399
5371
342096
732265
57611
