126695
388610
115572
6548
23038
84065
84958
9064
8547
388611
2827
10163
27245
2268
2537
199870
23673
5511
9473
6118
27293
55113
2140
5724
22826
93974
83667
54797
65979
1104
54952
115273
6883
10691
51441
4985
2035
399474
6429
51102
10076
4146
7805
9672
9698
79570
9410
51538
2170
347735
64129
3061
553115
1307
576
90853
8073
10657
55116
23633
200081
79140
55721
149069
56063
8668
84734
3932
3065
65108
81629
100128071
55108
728116
653121
339487
5928
81493
57648
8565
64766
252995
3208
113452
127544
204
113451
55223
149076
127550
1912
7579
114784
