284677
391123
25790
8407
57549
89886
93183
3766
3765
93185
477
480
844
8682
50717
5824
1314
23385
4807
57216
114836
8832
6504
962
57823
4063
51744
55600
142683
50848
100131187
7391
257106
81607
126823
5202
4817
9191
51506
27005
5498
8703
9507
4720
2207
336
84134
9970
654790
4359
6391
257177
2212
3310
2214
9103
2215
2213
84824
127943
11266
22926
25903
9722
284680
400793
117157
127933
6675
4921
51478
339512
5999
8490
83540
5087
4009
6258
440699
4259
223
54499
7371
149297
57645
117143
387597
84944
10223
92235
5451
919
8804
