27121
7419
6575
114926
1142
8973
55145
81790
84376
2339
84197
138050
340441
23514
1052
5591
4173
7336
79645
6591
492307
54212
137902
115294
9705
389658
9821
2831
4986
51606
8601
6917
10434
29088
64321
100129098
6101
114786
137695
96764
4067
6224
4342
5324
79145
195814
5179
54928
90362
137886
1581
6386
8439
9760
767
5862
55636
157807
444
286183
8836
7274
253943
27319
9420
55156
9650
5150
85479
84675
1392
23212
137872
254778
4603
80124
56260
100533105
23678
157777
100129654
286187
10987
79848
10565
57094
80243
116328
23213
81796
63978
10499
