4336
25924
10289
956
9045
285267
253639
285268
1499
54986
22906
885
131375
7433
9117
51188
4820
92999
131377
57467
152206
25994
1238
1582
389114
100506243
729085
84892
54861
55129
51099
375337
285343
353274
285346
55888
285349
10168
7584
101928592
91392
115560
57456
56992
131616
7047
51304
23016
7123
64866
25907
23395
8994
22908
54716
54585
10803
79443
10663
2829
1230
1232
729230
1234
9034
4057
83597
79442
6997
100132146
259173
259236
29122
100287362
377047
729756
339906
4634
5745
151903
23218
29072
64147
23276
25930
22937
54859
10675
6599
22907
4134
993
820
