341350
83857
10526
65981
441631
1663
144203
58516
160518
254013
196394
440093
55196
636
121512
10059
51067
5318
341359
84920
144245
144402
55605
225
283461
114134
120892
283463
1272
29951
283464
10138
85437
51535
144165
80070
83448
51135
5756
84216
4753
440097
196527
196528
9169
81539
54407
55089
347902
91523
79657
8909
10411
55652
51564
7421
79022
1280
29843
5213
140461
387856
121275
341567
121274
23519
121273
341568
3906
54934
904
112
784
9416
27289
85478
51303
377
7480
7471
23109
5571
8085
121268
50846
55716
10376
7846
84790
5630
10024
338761
79962
