686
23243
117248
285381
92106
23180
1618
23228
9779
339862
6304
131096
151651
5868
151649
8850
151648
79750
100505877
7325
7324
28512
6138
9975
7068
5915
7155
55768
54995
116135
152110
9497
8320
152100
64343
152098
100652807
27303
7048
339896
201595
114884
344787
23171
152189
112616
54918
51143
25904
131405
1233
2720
643853
10491
26032
25827
7342
23122
10015
10777
6769
85443
9881
9852
4292
9209
2803
339883
3680
10217
50853
5333
9940
30
4615
9943
9390
9389
9942
93
9941
6331
6336
11280
57599
64689
199223
64651
165904
1524
1237
54977
3921
