201514
7691
388569
25799
55663
10998
84878
10155
27243
9040
7593
642273
26751
52
285016
101927262
100996637
129787
101060391
54221
7173
7837
23040
7260
51112
55256
246243
6201
78989
55821
728597
6664
129607
91543
9781
3398
57498
129642
8853
9270
51692
285148
6868
10971
101926982
9014
29841
8462
192668
6241
348738
3241
4953
79954
245973
10130
3754
130813
130814
9475
1876
9687
23620
23175
28951
151354
51594
1653
4613
81553
729475
7447
79677
348654
343930
3790
57665
100526794
93034
130497
130502
57539
4148
9741
6382
23369
388
64342
151449
60526
338
114818
54454
