170506
344758
4311
23007
285315
9197
8833
7881
6747
25976
389170
57018
79674
5806
152078
6474
51319
4291
85476
56925
5918
100287290
64747
654502
100505385
29970
3592
401097
57560
10051
286827
3840
80117
151742
8706
51068
165679
131149
6476
22865
590
79740
5276
151790
11235
5274
27333
2122
84517
55892
151827
344657
79782
344658
7095
26996
80012
5584
6498
5010
57709
200916
56648
6514
23043
5337
389177
64778
2693
8743
57552
1894
83893
22871
254827
79718
10242
64393
5290
27094
51193
55669
59345
86
57129
4711
8975
51555
151613
339829
8087
131118
6657
