79850
50628
51031
55178
64359
29928
29
727857
286753
7531
1398
4641
51763
5306
124935
8578
83547
10594
727910
124997
5345
5176
114826
6117
146760
1801
124641
3090
23293
63826
55720
9905
4335
79066
5048
23277
101928991
23108
8386
4991
8390
26189
8383
4995
4994
8387
8392
8388
84690
443
162514
7442
23729
1497
30851
83460
5026
3682
83903
55421
84254
5023
489
23140
124936
51479
7326
201305
124976
10514
124975
342527
246
27043
409
400569
58191
84225
9032
284013
388323
5694
5338
50488
1145
100130311
2811
8402
26001
5216
2027
9552
23125
