390883
57693
162998
125958
26648
374879
84527
100529215
7730
10781
147741
79088
7675
93134
54811
729648
162993
100505555
54850
59286
5300
93145
50509
50700
55337
83854
56342
692312
5032
8666
1786
9294
51073
3383
3386
7087
100125288
112812
125950
3385
7297
11140
5141
9817
53637
84971
65095
1032
10053
57153
3609
81890
1785
11018
255809
10498
78992
90580
6597
3949
147841
25959
57572
55908
26526
9545
374882
126075
64748
126074
2057
57139
115948
5589
1995
115950
51295
1264
84337
54
199692
55552
126068
126069
126070
90594
7620
90592
284390
163059
729747
284391
7568
