26974
7772
7733
125931
147710
5817
56971
388551
602
23624
4059
5819
10452
348
341
346
344
1209
5971
11129
162979
79760
284352
284353
79090
388552
90332
57787
1158
147700
2068
10848
10849
2067
2354
6253
147699
7408
80207
2828
24139
2696
6633
54814
23403
388553
147912
1760
1762
81492
8189
3171
26145
339344
339345
4858
729440
8993
444882
388555
147920
374918
64344
5536
83987
55228
100506012
57469
808
5739
94235
147906
25865
29888
79147
6510
1175
2909
4861
54958
23211
10055
27113
26093
255783
728
27202
9704
56917
6543
11133
8775
84215
