100462983
55544
140690
5105
81030
56937
128602
140731
57403
9217
164284
8675
79716
2778
51497
1522
81027
514
51012
128611
1908
116154
10388
63939
5509
60437
284756
1002
6874
149986
5688
26039
26164
11255
9885
11047
3911
6227
81928
140893
140628
128826
28231
4923
55257
11054
1299
10732
100132911
11083
54994
63910
128408
54915
79444
128414
55738
57642
1137
3785
1917
79144
5753
6725
79025
85441
26205
50861
51750
8771
10139
84619
54923
56731
140685
140701
7165
80331
54963
57473
140700
24148
54345
6919
10287
4987
198437
2832
4661
55251
101927345
7179
85319
