89891
6418
29941
84885
10444
54662
2021
51490
883
56262
254295
22845
23511
56904
84895
57171
1384
5524
389792
414318
28989
375759
140459
51450
9536
27348
1861
51759
10868
23048
57720
23413
256158
445
8939
59335
23404
25
347148
84929
10319
83543
8021
286336
84814
84726
10585
83549
2889
9442
84628
23064
7270
389799
56751
64794
9329
158067
11092
7248
8328
9328
100996574
1056
5900
26301
101928193
29989
28
6838
6837
6130
6834
6835
6836
169436
57109
11093
11094
11182
389827
9719
642968
1621
1757
7410
8019
11091
6256
1289
2220
2219
