6428
1026
401258
57699
51645
221477
221476
23787
221472
5292
221468
55633
9025
23070
154467
266727
60685
114781
2739
1769
2740
55776
8645
89822
83795
221458
23500
4337
57497
222643
222642
10930
221443
4800
340205
54209
79865
285852
54210
9436
116113
4188
7942
5225
10817
29964
100188893
25862
9477
705
896
129685
647024
2978
2979
55173
55809
23304
5961
6903
23506
285855
441150
171558
10695
27232
5190
4201
5528
116138
88745
9820
51069
89953
5754
6722
23113
10591
84630
10864
401262
24149
89845
65989
93643
221424
25844
9533
57510
5429
54676
9587
221421
