4585
10188
7037
131540
200931
5130
255758
116211
26043
165918
255798
348793
200933
375387
84984
54965
5062
205564
22916
80235
4241
1739
622
9711
84248
84859
84223
6165
89782
728262
152687
255403
654254
7700
170960
54872
5158
521
4636
84179
10336
10815
2580
84286
1609
10861
3425
53834
285498
10417
101928548
1487
10296
101928621
57654
285464
152877
7884
92305
10460
2261
3954
7468
7469
401115
339983
353497
79441
10608
57732
402160
6047
8603
79155
6452
118
10227
8602
2868
3064
345222
6002
3083
285489
4043
152
133060
85013
55646
166793
27065
53407
4487
