51027
9900
10262
10903
56957
11311
51177
81611
23632
51107
79630
148523
54460
9129
23248
80222
1893
54507
4170
2029
55204
84072
1520
1513
405
9869
29956
8416
55793
58497
149428
54964
56882
10962
126626
10500
79626
100534012
388695
79005
29765
6944
8394
5710
57592
5298
5993
8991
5692
23126
57530
7286
81609
11189
284485
65005
51686
11022
339398
6097
100191040
284486
117145
6281
6282
100131107
126637
7062
126638
388697
2312
388698
49860
254910
54544
353145
84648
353144
353143
353142
353141
353140
26239
353139
199834
100129271
448834
353137
353135
353134
353133
353132
353131
