51385
10201
646424
285231
5364
79714
51372
84126
11277
51246
5210
90226
1294
7384
440955
65010
1951
51517
51447
5576
788
646450
10425
54681
11180
55152
25915
3615
54870
5859
10869
3913
64925
200942
646498
339834
375341
7375
2876
387
6988
275
84276
1605
8927
327
4485
63891
386724
29925
9807
389118
389119
7318
10293
79012
4486
84315
10180
10181
6405
2779
10991
2771
7869
132228
7866
8372
24142
3373
8692
11334
11186
51364
10641
11068
11070
9254
51161
51409
1154
7867
1795
7873
29890
9730
23132
51368
2912
440956
401067
389123
389124
