30001
5706
6815
64841
10979
80821
652
1033
10175
2764
10668
23034
2643
11169
122809
93487
3958
9787
55030
22863
387332
3895
57161
54916
5015
10640
55745
122830
55195
341880
145407
55860
5684
5926
387990
26520
9786
51339
23002
112849
64582
51528
729665
6252
64430
51635
5494
317761
4990
6495
51804
4331
57570
145389
161291
5583
3091
6617
83851
27133
57381
122876
5529
112840
81537
23224
2100
4522
7597
9495
22890
3306
145376
26030
6710
91612
100529261
2877
376267
2342
4149
2530
10243
161142
64398
51382
1965
26499
161145
57475
5283
384
10490
