55203
51091
55300
29063
29945
10568
23231
389203
3516
886
55296
57620
5099
116984
401124
57495
55286
768211
55276
23216
10744
51274
81793
7096
10333
92689
80008
51088
57728
5981
152831
6133
11019
7358
201895
3093
23244
55728
399
55584
54502
79730
323
7345
22998
8929
55161
285429
10463
389206
152573
10396
389207
386617
285525
60558
132789
2565
2555
170712
2557
2560
54951
57205
10699
152518
1259
152519
7294
7006
57606
201780
326340
285527
54940
132299
80157
23142
339977
6443
132671
64854
100288413
65997
152579
81608
84708
101928879
26511
170825
5156
3815
3791
