9600
10263
51475
2950
4723
254552
347853
91703
222
81622
221
4728
10312
1119
51111
53838
4041
55291
51083
9633
1374
219927
3508
116512
116535
219931
26579
595
220064
9965
2249
2248
55107
8772
8500
2017
22941
1717
55191
440050
57830
3846
387273
440051
55199
100131539
245911
100129216
55298
10068
4926
220074
55004
25906
2352
2348
2350
3636
401
81570
5138
116985
10809
89849
9873
5029
5031
9828
84957
23201
58473
5870
51642
51287
80227
374407
7351
7352
26005
51400
283208
283209
10008
387787
10714
25884
254225
143570
9789
10825
341152
11309
100507050
