10734
352954
79037
441272
29990
29992
55063
56257
221908
402573
81628
222950
3268
100316904
4034
101927655
26261
5118
64598
7036
51412
2783
64599
10248
2056
7455
2050
56996
7205
51593
402682
43
4584
10071
140453
81844
5054
1174
7425
375607
346606
8985
10467
24146
51024
64792
136227
93408
1523
10603
729597
100289561
79706
80228
54784
222229
5439
100271927
548644
441273
10156
246721
100134938
100310812
222234
222235
10234
58160
83787
222236
9512
27000
5701
375611
5649
5001
375612
55904
6733
54517
60561
222255
222256
6856
10135
168455
5294
5577
26959
10466
2845
11062
