51426
728780
134359
22987
10788
2151
2149
2150
170591
1393
55109
84327
8622
55255
23440
6902
8546
9522
10184
411
29958
23743
635
133746
9456
167153
202333
345778
7060
256987
84654
9765
167555
340120
1719
100462981
4437
5924
1160
84240
134526
23635
83734
6228
92270
153339
7518
1462
1404
10085
1350
5921
902
153396
4208
1070
153364
10622
116068
84059
57561
7025
83989
134187
285600
84250
79772
153643
9652
153642
285601
317671
83890
22836
2745
22936
5122
831
51752
64167
101929747
4012
167410
55781
285704
1105
100652833
441098
345757
7903
353189
133482
5066
