81856
162966
7576
90333
162967
388559
100529240
125893
147664
100271846
90338
55786
84671
79788
342926
317701
317703
112401
91664
91661
388561
126017
55422
503834
91662
91663
5582
59284
59283
59285
284415
441864
126014
4696
29844
26121
4849
79165
147798
79143
79042
6203
11025
79168
10990
10288
11026
353514
23547
3903
57348
114823
94059
148170
3904
11027
11024
10859
11006
115653
3804
3802
3805
3811
3809
3812
2204
9437
199713
55655
51206
112724
54869
54776
7138
7137
352909
6861
5794
255043
22870
23640
84446
284417
84787
125965
284418
3589
147744
388564
6158
27338
729956
