132141
9136
10039
118442
57060
84836
25864
95
6159
1849
25886
211
54106
11344
132160
80335
132158
25981
8314
51533
56920
7134
11188
23166
64943
440957
55193
26354
55830
28972
6787
3697
3699
3700
389125
100526772
375346
51460
91869
5580
7086
55802
776
55349
55540
93973
58515
55799
57408
7474
26059
285331
23272
50650
353324
54756
8820
26060
142686
201625
201626
378
201627
7871
2317
1776
57406
11102
54899
5162
200845
8309
11170
131177
200844
2272
5793
57415
55079
8618
132204
132203
80145
6314
9861
166336
56999
9223
26018
84541
8801
407738
151647
