3550
54853
373863
3035
23438
153527
56147
56146
56145
56144
56143
56142
56141
56140
9752
56139
56138
56137
56136
56135
56134
29930
56133
56132
56131
26167
56130
56129
56128
57717
56127
56126
56125
56124
56123
56122
56121
83884
6879
56114
56113
56112
56104
56111
56103
56110
56109
56102
56108
9708
8641
56101
56107
56100
56106
56099
56105
26025
5098
56098
56097
1729
8841
285613
89848
64411
5097
9812
51294
9604
10007
80762
81848
2246
23092
2908
57824
81555
57528
153768
643226
153769
153770
51520
54439
5459
10915
134391
5521
202374
1809
9832
6690
