58486
374378
283106
55031
27122
9645
84953
55742
7003
644943
406
84280
5741
84188
10418
22800
1315
5682
5140
120227
796
797
387755
55553
10944
283278
144100
6207
5286
4925
374383
3767
6833
10083
340990
4654
3746
26297
7166
113174
117195
117196
6291
100528017
6289
6288
11234
2965
3939
3948
160287
7251
55293
144108
144110
283284
84867
259249
117194
54503
8048
79733
89797
120237
10553
10196
9152
4745
203859
57084
2188
2620
258010
100500938
338645
63982
143662
159963
387758
8424
91057
55366
55327
627
81930
196074
3739
2488
120534
744
100506627
341019
120526
