8120
123722
123720
9455
83640
123207
53339
53346
50810
646
6457
57188
100505679
643707
54993
84942
4828
23478
9640
57538
9154
5151
101929479
100133220
11214
64410
123624
4916
26589
64963
55070
64782
3669
176
145864
4240
11057
6017
55215
5428
51458
90381
374654
5346
8800
56964
55897
145873
290
10239
100526783
348110
374655
3418
10509
10519
390637
51335
342132
8826
64784
641
5045
2242
4122
55898
374659
91433
9055
26276
9899
28232
8128
145858
400451
1106
56963
55784
7026
145946
91947
283777
3480
145814
23336
64927
123355
4205
145748
170691
204219
55180
140460
