114792
253714
5454
26235
84553
51805
25957
85015
100130890
892
59336
84539
6492
10973
2898
57531
389421
11149
64208
5550
639
9474
202
84816
55278
51250
57673
57107
55084
256380
11231
28962
7101
8724
246269
2309
84071
27244
285753
389422
100996634
8763
285755
6610
64780
9841
221264
9896
2830
8936
51362
728464
8528
85413
23097
262
112495
84154
117247
91749
5980
10758
2534
8838
51175
619208
3910
442247
4082
3066
222537
2444
221294
1300
23270
7259
29940
441168
100128327
254228
221301
51389
345895
221302
3841
221303
222545
222546
245806
6098
285761
57120
116150
