55788
1310
1297
57579
135154
60682
135152
79627
22999
56479
100129128
80759
340168
154288
441161
55510
115004
25821
1915
26503
135228
1303
1347
55754
27145
26054
4646
3617
3351
101928601
134728
55023
9324
167691
83699
89758
6785
7272
594
55603
25998
7162
90025
23033
5238
112611
4199
167681
9892
134701
51167
112609
22832
9096
4907
57231
10492
3354
1081
101928870
23036
375519
57150
206412
154313
10559
57038
23595
55122
81833
1268
8732
10957
135295
135293
2569
2570
51465
58528
22881
57226
23195
9994
84694
60468
6885
2045
79694
10690
23376
9457
81491
29078
