121457
317
56899
196472
23074
64431
120863
55681
246213
9971
283431
121601
160728
27340
400
121599
4604
56994
50511
79158
55332
51019
79023
55010
5367
3479
5053
429
374470
55576
51559
7184
728568
6996
83468
29915
4801
7296
493861
50515
84102
121053
160428
23325
55198
387882
9891
10970
255394
55703
5992
55188
90488
80298
1407
121551
11137
11108
121549
9671
1240
11153
9733
23479
338773
6404
23603
54434
1610
55530
84749
121642
7374
32
121643
283446
83892
89910
326625
4598
84915
59341
51228
84260
9815
88455
400073
28981
488
51434
10094
51184
29902
