8654
4085
11107
79625
79931
84109
308
132332
5393
890
55212
7222
84162
132612
3558
59067
166379
2247
11162
166378
10252
57182
79633
27152
83447
22824
10733
256471
80167
55132
10424
79960
132320
132321
57575
132430
54510
23657
25819
1998
84709
4717
80155
83452
80854
4258
55534
60592
1047
152586
255520
7350
23158
57484
27309
3600
8821
84640
2549
8467
166752
2996
2994
2993
64399
10393
6059
54726
101927681
4086
166785
646603
152485
11157
84068
5458
83894
1909
55751
90826
79658
4306
285423
166614
987
10586
6189
152503
345062
729830
5188
55294
201799
