400506
124152
51704
124274
2813
7369
204474
54988
123876
348158
116285
55623
6296
112479
81691
123879
57149
55567
57146
7783
257629
1428
23117
51108
10261
146183
440345
7385
255762
730094
146177
29904
55718
1039
100132247
9956
57478
6340
6338
91949
23062
124454
56061
4706
79728
84516
5347
10595
63928
5579
10368
5930
27327
115584
55114
51451
343
342357
9951
162083
79831
197370
3566
50615
2975
23247
146395
23214
388228
728741
728689
1201
55911
246778
26471
112869
6799
6817
728734
8663
100507607
11273
7284
25970
487
79874
930
84901
83985
27040
728888
552900
79008
