344191
3239
3238
3237
3236
3235
3234
3232
3233
3231
10651
220988
4780
8540
150737
92104
50940
129831
114880
8575
494513
51661
65977
7273
285025
91404
151126
57703
10477
3676
375298
4760
6744
151242
5136
54431
2487
10787
142679
129401
91752
401024
55854
3685
165215
151112
10203
7035
51454
116093
1281
1290
84128
30061
54529
150709
64172
94101
5378
84281
2660
26275
3628
54842
100131211
4664
2744
6772
6775
4430
64859
8436
23671
57181
56171
9262
57520
284992
9330
401027
80055
91526
23451
80219
3329
3336
100529241
25843
130132
92935
66037
5334
23314
