84991
5209
5588
57713
80760
3698
22944
509
83860
2625
10659
9712
79746
254427
26019
55526
55176
11164
8872
57118
83643
10133
55388
221044
5264
22929
222389
8559
55691
83641
441549
51182
79723
64421
644890
414149
55301
221060
10557
9397
221061
8516
80013
9317
389941
6251
8029
1787
7431
338596
9200
8027
653567
4360
221074
783
221078
221079
340895
84898
10529
387638
399726
387640
8028
64215
340900
23412
100532731
648
9576
5305
219681
22921
256297
256815
220213
56243
57584
56952
219670
79896
57512
53904
2572
54518
23590
10006
22852
10730
84930
91452
101060171
