386683
353323
353332
386685
7327
6612
754
3689
85395
104
23275
80781
6573
54039
1291
1292
10841
84221
4047
8888
54059
54058
5116
23181
6285
3275
23784
81061
150160
150165
128954
23765
27439
27440
51816
27443
83733
101929372
529
23786
637
57553
55670
51807
11274
100996415
642643
8214
5625
9993
8220
23617
2928
6576
8218
7290
64976
128977
7353
8318
7122
5413
2812
6899
54584
79680
10587
1312
421
128989
54487
27037
5902
29801
388849
65078
85359
100996401
728229
85376
729461
373856
653203
101927859
7625
91179
84861
51586
5297
3053
9342
1399
150209
