201798
27236
85462
23321
84057
23240
7097
285533
6423
54798
5356
2244
2243
2266
9227
166863
4887
79884
2982
2983
51802
6999
1519
56034
2743
2891
51313
55314
59350
201725
2110
5481
57600
152940
9693
56884
92345
4886
4889
84076
55319
55016
23520
100506013
101059914
391712
152756
166655
201931
11275
6307
1363
7092
50859
11199
55601
91351
23022
84869
57630
4750
1182
54969
9848
51166
442117
51809
3148
8819
11341
9464
26269
80817
3248
8001
11086
2823
116966
132851
140458
60559
7424
55247
175
285500
55714
1635
80014
53842
100132463
55602
3622
201965
