80352
11074
135644
10107
89870
7726
56658
202658
79897
3133
2794
80742
23
5514
28973
79969
221545
8449
170954
11270
9656
203068
10211
8870
780
2968
57176
389376
135656
394263
100507679
29113
170679
1041
170680
54535
6941
5460
3107
3106
100507436
4277
401250
7919
534
4795
4049
7124
4050
7940
259197
199
7916
7917
55937
57827
7918
1460
58496
80741
7920
259215
58530
80740
80739
23564
1192
4439
401251
80737
7407
57819
3305
3303
3304
50854
4758
80736
10919
717
221527
629
7936
6499
1797
8859
720
721
1589
7148
1388
63943
80863
