390445
3183
57096
11198
57680
84932
9878
56339
6297
26533
6955
26534
26686
6964
1603
63874
5018
9056
122704
4323
26020
161253
55147
10419
54930
84962
60686
5693
122706
64403
22985
55017
1053
23428
100507650
57594
90673
599
100529063
8106
51310
10278
64806
116173
4624
4625
25983
79178
85446
8906
84502
10202
10901
317749
728635
90668
9362
4901
5106
80344
161247
5720
51016
5721
55072
10379
9985
79711
10548
283629
29082
145553
100528064
4738
51292
26277
7051
5875
115817
161424
27141
56413
1241
196883
11035
4776
57523
643866
23351
56948
1215
1511
2999
