100506217
1010
56979
1008
1007
1004
29102
55322
23037
64083
54545
51663
10923
4883
6897
81792
51289
51151
23600
114899
26064
153657
5810
55299
134218
64902
5618
79925
3575
133690
133688
167127
92255
6502
133686
202151
6507
25836
65250
9631
55100
2668
100861519
133584
3977
9180
253260
2533
735
1601
5734
23548
5562
6167
84674
730
133558
729
345557
5019
285636
26272
2690
100129792
6414
389289
7690
167359
3157
56477
64417
375444
10605
23530
2255
10884
348980
133418
79668
3670
53918
3672
3673
4338
10468
4724
54622
8988
112574
11082
3003
3001
166979
