2954
283578
161394
122945
63894
10598
145501
9517
8846
81892
22938
283579
57143
9369
1734
145508
7253
2957
85439
6400
23768
100506718
2581
8477
54207
55812
11099
79882
161436
123016
1112
90141
55775
101927029
56659
5700
55051
801
145567
9252
80017
8111
440193
55671
79820
123036
10516
9321
4287
4707
53981
123041
79890
5641
9950
1113
3705
64112
26175
84520
55148
55727
57578
341947
145270
90050
51676
78990
57062
122509
3429
83982
57718
51156
866
390502
5265
256394
327657
145264
5267
5104
12
145258
23405
79789
161176
51218
9623
8115
56967
624
623
