100287482
4899
7328
51530
23008
84928
136263
1358
51200
93979
1357
95681
4232
26958
114960
136259
4289
5420
91584
54927
60412
136332
84912
231
57016
441282
669
800
340351
55281
78996
29062
346673
4850
23165
647087
26266
389558
136319
767558
1129
5764
9162
64764
100130880
6718
8805
136306
50617
155006
57670
92092
56829
79989
254048
51631
154791
100996928
346689
154790
6916
64761
80853
84255
401409
23608
27147
90956
4708
673
51650
100507421
55750
57189
494551
6742
50831
50832
54429
136242
130075
23601
5726
8972
93432
136541
6957
100463482
5644
2051
55503
56302
