85865
9069
5218
8321
7978
10142
1595
401387
889
54467
57798
30816
5189
84060
257415
1021
54809
219285
253012
55610
799
7980
2792
2791
10282
1278
64921
8910
23089
55607
5444
5446
5445
51666
5166
1780
10165
401388
7979
1750
1749
57001
6863
440
4951
22853
168620
25851
25798
55971
4885
222865
8295
57154
402569
10552
10095
11333
8896
26024
100526740
10898
9551
285989
84124
23660
221786
79027
100289187
221785
1577
100861540
1551
1576
64816
81392
89122
349149
563
7586
7589
7551
10980
4176
9179
6878
245812
255374
389541
55262
79690
221914
