64711
51734
6123
4716
6187
146310
10607
124056
2671
9143
90850
283869
9351
4913
7249
5310
25837
84231
57524
64223
283870
283871
1877
1775
1632
10921
21
899
80178
4917
57465
527
51005
752014
5170
54442
83886
23524
6923
260429
360226
10942
124220
64063
114984
84256
79412
9088
124222
9080
9074
51330
54985
79228
146439
64386
9235
84891
7755
7760
197350
4992
7752
4210
10127
91151
7627
4993
100463285
54925
7727
146434
79903
646174
23059
197358
84464
1773
10131
1387
115
6345
7023
84662
51025
100529144
79585
114990
9093
57407
3163
29965
342346
