63893
15
79651
114757
768206
10610
55808
439921
23210
124512
6427
79157
146664
6397
10801
100996273
57690
11322
147138
100141515
9144
7083
125061
332
283999
9021
9489
8632
9267
57602
7077
100653515
3959
124583
114897
64772
146713
339221
84733
57332
8535
125058
55036
2548
9775
79092
6448
284129
57674
284131
4884
57521
79643
10458
9625
22994
146705
284184
124565
284186
100130370
57597
71
25794
80233
55666
83882
5148
339229
339230
339231
9146
6182
1468
2642
348262
116729
5034
396
10189
51529
256933
5833
51547
4097
5831
255275
147111
79058
201254
201255
5881
51181
