222553
387119
5350
254394
25842
79632
4121
221322
2697
3298
57515
5570
2173
10924
134829
10345
154215
154214
7164
51020
23493
135112
135114
60487
387103
84870
81847
55862
9729
387104
352999
387357
5796
3908
93663
253582
84456
154075
114801
100507203
2037
9465
383
9439
5169
79541
643854
5167
1490
26002
8417
134860
83551
319100
9038
9287
134864
8876
55350
8875
116843
6206
2070
6943
9519
154091
6446
64577
10767
4602
54806
27115
113115
9774
9053
4217
5191
340146
53832
116379
3459
167826
7128
64065
57221
59351
23593
57224
100507462
25901
345930
85021
58527
