729528
645414
391004
645425
126755
10630
7799
23254
55092
727684
114827
79180
11330
63036
51032
842
23341
79814
84301
6248
23207
284723
388595
54751
440567
23013
7709
101928566
149563
27129
1187
1188
348487
1969
128272
101927546
79363
54455
26099
374955
55707
100133301
55672
729574
729587
11223
9696
4237
23400
6390
11240
29943
51702
23569
353238
55920
55160
81569
84966
127707
5081
80834
8659
126917
23352
23065
51154
22977
8574
54896
832
440574
100532736
4681
3362
255104
54546
23252
30814
5320
5322
26279
64600
391013
127733
127731
55450
79594
163933
978
65018
1650
57576
