23365
2900
219899
7007
6309
6653
414899
84959
56253
79864
390259
3312
79827
57476
55800
7753
390260
390261
338661
338662
219875
219874
219873
390264
219870
219869
390265
4013
26492
26494
219865
283159
283160
26595
390271
283162
26493
219858
390275
116337
84897
54414
53340
4900
23584
90952
79684
64221
54538
220296
641654
80071
219855
219854
63876
9638
403312
9538
3703
1111
56
160065
399967
100169851
399968
219844
83480
29118
338667
50937
84881
79607
6734
55572
114609
28960
6484
84623
2113
2313
3758
3762
219833
63970
9743
8538
120224
4798
56980
334
6768
29068
11095
