55168
7422
221416
64928
55362
11131
2030
3326
347734
4794
441151
202500
57505
221409
988
8464
860
53405
22875
59084
10231
51302
9481
221400
7941
100287718
4224
221395
266977
27242
23607
222611
221393
221391
442213
4594
55166
389396
135398
6005
7180
10321
5232
167
403339
245928
245927
245913
245915
83741
7021
5314
3605
112744
4172
85315
114327
9697
28978
2939
2938
221357
2940
2941
22858
26268
8521
60481
2729
401265
55227
90523
27283
222584
3062
389400
54511
653
81578
667
221336
57691
26036
9532
51715
100463487
202559
51557
7803
23469
346007
441155
577
