10439
157927
9858
138162
51116
3933
29991
5047
360203
392399
402381
57582
157922
101928552
10422
138151
90120
8022
169714
101928722
26086
728489
64170
6621
10807
23203
56623
9919
158055
4851
51162
10555
138311
414332
158062
138307
389812
85014
84960
55684
389813
29085
158056
8721
7186
54461
733
286256
101928638
5730
401562
286257
9022
20
401563
2529
56654
954
89958
91373
11253
29952
2902
389816
100505993
29882
8636
286262
94107
27158
727800
375791
643596
142680
10383
401565
441476
25920
54863
441478
54932
10811
377841
26012
375775
64975
92715
116225
92714
79813
774
100132403
