728215
3981
84945
10673
23026
8660
1282
1284
55647
55739
79587
3621
55608
8874
121793
6656
122258
10426
400165
23250
23263
2155
2159
8858
55795
8451
3916
79774
101928841
113622
55208
55002
7027
496
348013
2621
643365
22821
101929355
8881
65110
283489
440153
404785
641455
79334
441669
441670
390429
390431
79317
79544
81127
122740
390433
122742
390436
390437
390439
122748
390442
91875
57820
10038
7011
123103
55644
328
90809
4860
338879
390443
122651
493901
341799
6038
283
10876
64184
6039
6035
6037
6036
64745
29986
57447
122664
440163
84659
122665
55701
51222
643382
