100130274
225689
286077
23513
22827
340371
83481
5339
84875
2907
375686
392275
26873
54512
8733
1537
81858
84232
51236
727957
642658
23246
3297
8694
83482
340393
26233
79581
203054
29894
55630
51160
4796
50626
90990
8928
84988
2875
113655
9401
9684
441381
414919
80728
90987
80778
6132
340385
7553
28991
58500
7564
65265
100287171
2298
55871
157983
81704
23189
1761
58524
10655
6595
7436
169522
9933
5991
169792
6505
55064
403313
55664
50808
10171
3717
11172
3641
6019
6013
55848
29126
80380
57589
79956
2315
158358
26953
90865
89882
115426
2731
23081
