3199
3200
3201
3202
3203
3204
3205
3206
3207
3209
2128
11112
8887
221895
9586
9865
54504
1124
222171
101928208
644150
9805
55033
84725
222166
223082
10392
101928268
79017
2617
1395
11185
84182
358
2692
117
63974
223075
10842
5137
23658
23080
25948
11328
51251
6100
27241
55025
168667
387129
23333
57057
64224
989
80820
23366
54443
313
9844
353345
51314
6424
54749
83930
6965
445347
273
27072
11281
57002
5898
8621
136647
79783
3624
2737
79020
5683
64983
23072
9263
55744
644
64951
100534592
55665
51619
285955
28988
5224
27434
165
