4158
8364
27004
131909
390538
54657
285103
100129138
158401
151649
2820
148823
5597
406886
139422
153642
79674
4225
26831
284801
170949
392509
26832
389320
4110
57615
56662
158586
100312957
401250
2957
116228
286189
7544
1237
23548
6671
727940
493860
389152
57621
121006
286527
54665
220134
9464
83881
79596
55435
54439
83955
253430
166785
9837
728411
51124
404281
257415
286826
26019
112840
10301
84924
222659
23411
26271
80032
51306
100505534
118421
7695
653121
23592
345275
730811
55327
54675
7019
91120
169693
92610
203569
196294
10773
3070
342510
4543
554251
347741
441728
140460
26108
7773
6422
171169
646603
79986
92906
27035
64395
644444
7712
200350
342918
84078
84709
84108
57472
100506084
5145
157777
1810
199692
5449
8554
100506428
79886
729288
7561
285679
2298
137695
7292
56137
158506
5711
150275
23212
51661
56647
50652
11244
80320
84675
79862
9655
56929
836
646625
127391
389336
9910
253639
55410
100506304
9529
374899
2651
2027
64854
64858
5806
55156
55024
286144
3885
79290
624
54819
57708
27121
116449
79624
8462
23546
51808
147949
22929
56136
57677
728833
4238
100507027
51496
11101
6670
163081
51592
572558
377047
163059
116328
23512
5983
1977
80818
100302128
4774
57703
10236
65977
57002
10838
79804
124590
79973
90333
54826
51634
22823
23366
256643
147947
149420
26122
8493
23099
317671
100131801
4247
196074
388759
55164
1474
2553
7358
255349
100505921
51379
100506496
115560
55018
57563
6532
9589
9841
60468
166968
55889
5728
441072
220213
10052
285588
399818
6607
6606
343641
284307
131076
79612
1112
64750
100652999
100506742
8838
7112
22934
9202
286006
5146
440515
100033424
163049
100133286
148266
7568
154007
7270
348995
693158
285429
284406
148206
331
65061
222611
26610
9678
84272
150590
8431
9329
51759
59348
10691
51230
5933
57161
56163
55552
285550
93323
79019
283489
51773
729857
9831
283677
220388
79230
337873
51167
121536
57534
54503
10563
51360
7092
55596
23016
100507461
84725
554
64895
10210
7639
283807
163087
132320
124944
7809
7257
26043
91801
10389
23522
136647
54811
55813
10910
51319
127707
8233
283553
54841
1024
144108
348793
100506538
10218
51029
1005
51710
201516
5495
90321
51193
85463
7069
26260
153241
4908
5584
80314
51339
220429
100128782
8487
4012
65987
9782
2524
80010
401127
23590
84503
9631
2979
8674
80311
55892
83640
200933
54952
440093
3066
199964
79718
79648
1045
56143
284370
400720
92285
30813
246175
53354
55781
84101
8243
100128071
5470
6659
152006
29113
8089
6338
379025
7690
644809
23023
79075
8204
144983
100128252
57150
3840
89122
80745
126069
643180
222194
57461
10499
729533
79853
5316
55322
10845
142689
123169
129401
84248
129450
23063
1456
439915
117177
23414
7700
11191
80230
65986
58492
137886
55631
10151
6519
339487
6340
11320
199870
283847
91664
728858
57412
56204
1385
54542
196264
148213
283416
90075
374900
54854
11096
6007
9753
125893
79029
7693
493829
113091
56140
140838
219988
64595
9412
9984
10513
338376
147923
54629
23137
90576
142686
55159
862
9197
80351
54660
83989
5174
84945
55285
10434
144233
729238
65109
246243
147339
51275
27
55871
7733
5289
440603
123103
51001
761
55786
653820
200159
124411
7752
9716
170959
118490
58538
55033
8161
26156
390792
28982
85015
55773
151525
64282
6493
55167
29942
401387
100131454
255654
57335
142685
56138
1047
4100
64794
125115
340602
10168
196446
100533182
146456
161247
204851
4001
79960
84186
79609
161142
54866
256471
55602
3658
5313
30834
493812
388536
5169
114825
2569
284576
1736
55027
7528
389816
5343
22887
23456
221079
121504
54596
285349
7637
163051
9957
84135
1164
55329
440590
390927
11329
54534
51082
201627
54778
80315
79968
11045
646643
904
170589
60385
85865
79088
11196
8545
90317
200205
728741
150468
153364
7576
55729
26586
2676
253018
391123
4090
57122
440348
91392
84804
267002
150771
10285
339883
4089
23219
10795
56605
64746
100130717
10240
284029
126070
868
5929
115294
441369
149041
57508
407019
7582
7627
388649
90550
23177
27255
100287284
54799
5139
54556
7428
10009
9477
55628
11055
134553
283742
402135
64091
5393
4172
150353
284391
55234
2056
340351
439931
1994
401281
6561
55150
7594
4116
23506
54848
79616
170082
100379345
2232
192670
25820
7023
3116
2650
7581
9790
54802
83890
84950
284067
257397
100130849
83860
170392
163702
158584
4690
30836
84190
7110
255738
11116
256021
64577
80108
23431
4175
79572
653604
259282
22954
57492
525
129530
170960
84321
6636
84524
27107
145853
254013
51720
116285
6470
284390
90799
7543
9555
55339
55749
56142
51686
26512
51111
134701
26190
91750
6100
54700
147948
9360
8434
7994
50937
84869
79863
9467
641339
10480
285888
51622
93273
10050
221830
51068
440354
6877
10172
170958
56980
79140
54619
51018
200150
80167
4998
134266
23186
1054
128312
29901
201965
80110
730051
80095
285205
441459
126295
80067
51534
92181
284071
6873
4899
51377
9860
23528
4086
284632
50511
100131439
93134
55811
10557
728269
6872
54962
10885
5888
835
11266
2967
23210
283537
203427
344405
84959
79866
364
339501
2116
79731
55975
342909
10274
55623
54861
839
80318
220441
220869
124790
317760
64864
9960
80221
7579
7771
154661
54875
90204
9527
2250
342926
25898
36
10087
26835
7707
58497
8320
8321
2147
120425
7574
155368
54726
2483
26281
7592
51251
8620
729723
138199
10621
146542
387266
85465
55206
55686
9585
81627
253943
2332
5469
57690
57721
9832
100506658
84305
55219
79009
144193
5451
348327
4848
768
2733
80329
3998
51136
11103
56751
5460
284309
55094
57127
83732
55216
79587
100505718
4799
6198
162962
7748
54464
100129060
51249
546
284058
54812
51174
388566
692202
1386
83591
2248
55671
79848
57711
23251
149428
7539
55561
6097
4361
113263
9575
51567
55609
84842
1013
80304
100132707
53833
89970
5378
29068
100507217
7571
2146
222484
26984
221527
10946
255919
222389
1894
1443
22976
256126
83548
79066
4999
148268
10465
92342
220992
79879
23224
146771
91574
197131
167227
7596
387032
158431
221091
29072
56852
58500
6524
995
80237
7181
137994
55092
10737
4850
2176
246181
548645
79770
338657
197320
8836
158800
440957
6925
10772
57191
344561
653519
84541
100507300
163115
83639
11013
56253
255762
55250
64518
154288
11227
54878
4081
1879
375341
57763
65991
22835
92283
125981
80853
5277
55888
57187
6442
388403
147694
7559
55506
23243
255027
221908
54813
5311
29066
162966
1305
7643
2559
10363
285676
8505
10730
25778
390916
7013
54980
50804
9440
7755
9818
5095
8110
7633
7783
136242
94039
100128191
130827
25806
84142
653129
146325
157848
10238
29883
342538
9063
100505894
154743
10912
165918
23085
10892
55006
7589
389860
3298
90594
79807
81856
63920
201931
5557
55634
790955
9422
653712
133746
145957
28977
3841
343472
284739
79840
26575
25926
84671
84859
7587
6832
51182
120526
2773
23593
7398
85460
3880
100506705
123263
9668
150291
9126
57696
79753
6045
79954
3316
6941
56916
6399
83759
56943
285513
170692
100507602
79872
57624
22994
4171
55758
1427
285521
1184
10717
55775
55132
339302
9252
11190
8858
51334
9113
9646
114898
83891
29843
390928
79005
100506675
22944
23244
387267
2020
26040
6674
79736
29080
100506392
23660
55761
623
26184
7564
285672
113540
163786
632
148254
85403
3396
79269
54434
100291105
90649
5163
654254
85301
10940
8065
100505648
9702
339768
10042
55145
10228
10692
6240
283518
54708
79935
79898
147686
25904
100128239
93
100287497
10484
100507607
89890
54764
54934
10260
51465
5150
84240
2961
353274
79987
55149
57511
144453
6477
2668
245711
79891
388428
25983
3619
285172
100302692
441194
51460
388789
4214
114659
55777
168433
10201
80205
51101
116442
100131211
2868
51244
100289274
10324
93594
10234
5984
166815
147872
55810
613211
100506834
166793
7982
79646
728841
23515
7737
54517
79744
9104
55192
100128164
340260
10556
130026
414157
51605
221711
9965
79944
58528
673
9310
150864
636
23306
11169
55824
147015
401588
196528
1311
151473
375298
10256
57864
221336
79695
192666
341880
23545
81573
153770
3918
221786
7699
56254
340168
3603
84811
55731
8853
10644
613227
2196
84527
55768
51098
4287
100128262
84172
654322
163227
164045
23086
64062
26523
729747
100506660
84912
55534
23081
9931
84301
9131
57820
11102
51009
3751
8833
7766
342357
100289509
9879
1365
79441
57570
80746
29941
51317
84197
3720
7289
162655
51562
80264
23389
56155
440955
79621
10813
10207
253635
120103
25950
1585
2796
54822
54583
143098
100288332
254065
5140
9541
51340
283208
115201
51122
10426
11232
256051
3263
126248
100129917
729665
146540
80778
148327
64848
8726
100130348
64324
79657
1488
51239
401262
29999
374928
7399
119504
54816
79184
56109
91419
7702
55291
54879
5519
169270
220081
64145
5926
375567
266727
206412
79665
54734
27085
4802
2911
8697
6895
10747
285525
23636
10194
7547
29980
378925
142913
160518
84441
1820
56098
79946
11097
55277
54995
138307
55890
8526
283234
158219
220594
56139
343
116842
79598
10914
1629
285489
150527
4931
84904
284654
114926
53371
23160
10664
221400
79845
55486
90806
374354
7768
414765
56164
9852
4438
4356
84306
5649
55632
55471
63979
91603
22869
27430
55668
147011
64421
353355
55565
65095
84678
171392
64789
4919
83882
84528
2811
2117
255967
57147
139324
221302
1773
345557
376132
79854
100873747
8491
54617
100507118
114805
10206
54505
170690
27000
29079
4595
8649
728554
221785
117532
7770
57053
80824
56984
54981
10308
65003
22901
54840
22832
51385
254048
84107
57380
23269
5652
8312
57643
143678
284323
5342
25852
57604
51742
4049
84515
79902
153129
255928
10520
64430
387264
7675
54497
55183
9534
54904
54955
143689
135293
152485
10153
55930
148534
55741
26834
92591
80146
116535
130367
25842
22
30012
55280
23390
7356
92344
5118
51002
9724
122786
4661
53343
2886
57520
100507108
140710
10849
23196
8754
8317
345462
79882
79906
23635
677810
388633
100507424
642597
83607
339318
199704
26098
50832
642799
7569
26249
80209
200232
1847
2140
96764
399671
8450
643866
728013
165530
9204
160287
112869
5427
2041
158234
201973
26164
57232
1789
5452
22847
2998
10748
26060
1407
51326
56925
100128640
81629
51118
7168
8886
143425
23049
79836
7552
93653
166378
440498
378108
54039
1398
4682
100134368
200576
5080
283392
22981
3020
25942
360
100287934
259294
90338
23421
284306
10146
55787
79175
26499
116143
113174
115426
283464
164
403313
55798
50489
9943
63932
8476
84455
23404
130162
374786
10179
54677
388796
10949
375056
9055
2309
55102
158056
57488
57120
890
84612
22796
283507
201292
29093
8932
221895
1528
56124
8732
27229
10781
132789
221960
54495
51807
55636
93953
162967
123722
25807
100287569
51804
389114
23358
100506518
51320
27252
10623
5025
25988
6584
221393
23598
136895
649179
81788
6278
996
80298
2745
284865
100302691
85416
55028
7746
553
253558
90417
126549
56134
7074
4781
56886
6627
23607
3593
55193
79570
7673
440730
25949
338799
8446
126626
119016
317701
100533952
6793
84451
7174
50624
57107
3664
8846
388284
205428
9441
11340
6924
7745
84803
84128
9411
100506365
6692
619279
79699
29966
55702
23143
163050
4281
93550
5537
373
10867
442578
132200
79849
54928
493861
100129697
10924
255812
79139
9542
958
200845
9025
158326
26058
51652
55544
124961
134637
84126
3488
150472
64149
54707
100507342
84809
10199
57606
54892
100506157
84946
3626
55180
1677
51455
55425
137492
79673
117145
10526
54896
221016
79894
84295
100505616
5423
79832
6635
79169
2264
7024
203074
8651
23253
9696
55904
29984
4204
10116
172
55251
2529
57089
9129
22997
9617
134430
10782
29063
90632
7711
23078
126003
57669
57673
84131
203522
222256
8653
2074
54891
54471
286343
10568
374955
96459
162979
466
128817
1841
25831
58155
6197
94104
23014
29929
2908
643837
5814
84787
3845
10208
5238
54881
5599
64412
51780
1188
257240
285989
6880
100133091
7775
387119
5429
100379224
55269
8452
26273
11143
6619
401546
4084
54148
160298
55681
56992
6769
129831
152519
8834
7507
25925
25782
401232
4857
27348
56983
283237
5387
55160
25962
121260
8288
55347
152518
51805
22925
7357
23774
9331
222255
8324
25822
100507071
84273
83729
56946
10332
10004
1836
146225
55172
2237
9730
445329
26225
8550
63926
2322
57111
84865
9980
3004
650655
54851
1478
10251
56474
10137
10385
197350
11133
1787
128497
8503
10219
84775
55720
4211
5494
120071
7692
84465
55124
79682
55527
57221
406992
114799
2115
64106
64216
9819
124401
100101467
140461
10233
57579
3881
55832
163033
10744
23329
6654
55208
56884
79728
6996
1632
6908
55633
200539
221823
51512
51463
54956
6361
84319
29777
3622
10478
90139
1105
1477
80233
55750
401884
388564
6905
90326
90525
57523
84851
100527964
56261
288
2334
79750
56997
23450
9369
728340
100499177
117155
284349
10560
7307
375611
339488
57209
5437
79675
79752
1180
27257
57590
124857
10178
