139604
284340
255189
100885781
3081
730755
8687
8038
53336
100505978
10819
9573
149281
391267
374864
4902
342574
89780
2535
386672
50834
439941
125336
10538
143662
343578
4311
10942
25984
100505920
150280
100128131
100506406
100506085
139793
2192
256076
6003
4759
221191
54084
7253
1066
100506305
150763
5346
7015
53632
100506724
2324
388335
389558
127795
729396
340990
1143
339512
1103
386678
348021
159963
54094
2001
132884
353332
84518
4291
56154
336
282996
63951
79370
26025
2700
7490
10082
4811
100507480
653073
80243
50945
90665
5778
2740
441054
388533
8644
29842
90070
89837
654412
100506551
100506376
10406
80216
91646
431707
23554
3174
196996
100506492
340146
258
7475
100506737
1466
10936
2765
7348
57522
26821
100288974
8412
353144
949
145820
5352
253724
152
25770
100507127
4914
28968
149685
5542
115265
55211
11117
286256
284525
5837
100507012
100129175
100874055
647589
1636
92293
8309
8787
56106
25823
386674
25890
285692
3913
100506700
19
440193
608
10317
63924
100499183
6907
2121
144100
388333
3625
653149
27019
164656
154197
346673
442721
1259
162333
338094
133584
643226
168002
5446
168544
1583
26053
100129128
340745
26103
79149
353323
8630
11023
100507537
130540
400756
353219
3359
5255
100874151
9902
7188
1690
23043
2487
54112
6452
254050
771
171019
60482
122945
653583
943
7827
100131176
148545
1308
153020
5341
51734
340120
64094
148198
4330
2064
8701
6869
116933
9480
389118
131873
2810
83999
79413
10141
8574
10
246
399948
3691
401124
57549
80201
5990
57633
83987
114902
6641
2150
728081
5858
84229
1004
90293
374407
100128338
4602
23765
151484
205860
729359
8528
100287592
135
3360
150737
8800
339416
399715
5276
89766
79411
952
4582
374355
1812
100874012
100131366
283214
153769
257236
4958
9381
5456
55567
416
646658
84141
2138
114041
93099
400258
6572
26828
339807
10993
348807
221468
146212
6496
653125
10846
55301
574407
54935
63982
201456
144809
386685
100289017
643832
728208
23415
448834
7779
57678
152831
10158
2946
207107
152206
130752
83888
152015
2984
3440
7177
8170
5133
7083
4023
164714
1750
79607
1813
401236
55536
5502
7263
9508
100506071
375307
100287718
5549
54768
55076
653247
145200
4773
54976
90865
64806
2830
26074
164312
161291
9970
135398
122665
79600
80975
352909
4842
338872
285084
646851
29766
81839
1910
149465
646168
400692
1325
355
150248
23022
255104
5157
25840
3352
26707
144568
1956
400757
147111
389177
164118
353497
254173
136288
54829
100874051
5042
4212
6019
5349
7274
11061
8399
100507043
219623
83656
25802
56
143241
4829
118491
118429
130399
100130502
81031
161003
50853
2774
157773
54756
4608
28999
386676
27086
222537
154860
57101
688
7049
353142
390664
25763
200403
786
25876
3977
219681
574431
5208
147700
3695
4038
79747
51733
389075
658
79781
149499
79875
150084
100874330
79901
2202
7273
143162
169966
100874137
1132
84750
80258
344758
645191
53904
80125
23493
54836
57834
5173
79696
57408
92211
92104
218
10610
81696
9365
9290
3948
85443
652972
2674
145447
3491
5409
144455
136306
27233
160777
643311
3362
84649
201625
165829
91624
347240
10413
644890
1607
345643
8741
100507203
399949
126668
10395
9293
1374
57540
79054
387978
139212
85004
84696
254956
23240
80217
642938
7162
84182
2247
157506
654
253970
3730
390205
55
401036
80086
3950
387646
27115
158787
100507150
3270
145501
2308
1730
115811
84873
55001
4853
388815
51716
342933
145173
100131244
9283
80127
8909
64078
164781
147798
7881
388931
1288
255101
2737
1009
3140
283601
221481
55188
79783
100506195
3776
93190
136332
7080
79937
10235
389690
126859
79006
1545
4807
147912
362
388753
374897
143686
100507657
5919
161394
3682
120114
100289098
5029
100505967
57464
27092
10678
246213
339541
135228
22987
10461
9934
2009
10979
146547
151871
8912
558
4593
49
5179
7159
140680
83894
8877
80739
402569
340547
284217
54738
11167
4043
23551
5453
7123
956
83657
120939
3739
389432
641649
2302
159686
9658
2262
50515
9936
3782
81029
9648
2825
84059
85397
137075
266629
1071
100188949
64919
124093
168090
4160
5465
201651
341883
133923
729420
27077
3400
200162
3613
163589
474354
4111
51312
80122
6091
5915
4239
57608
5444
56954
387885
146754
400710
5583
84223
1959
317749
2335
126820
1262
125704
6662
54766
342
390539
64776
91807
6565
1777
26002
80129
93109
1277
10371
729156
64699
10455
132203
374403
283685
10901
203111
401265
7784
100287366
64499
1791
56301
80774
100506813
7227
440503
100113403
3053
64446
8601
64641
10841
441389
4257
7107
386680
3358
283383
1381
7099
1768
2949
9413
353333
79958
89765
339829
132243
1489
100505601
127003
23178
25907
58494
84858
5992
338817
29850
221409
5322
646962
64066
84688
23743
388701
166647
6295
100128531
26150
84439
389333
160762
94233
6736
5740
100506123
57462
26018
2637
128153
84679
4907
286207
353149
8082
27344
93233
401428
2913
1901
84332
728194
5028
440910
4052
11059
129881
1666
5125
84125
1749
23286
120376
7005
3568
613
150379
55282
100130771
2557
6863
1638
60681
340596
100874185
25798
100129827
51363
873
80760
23742
2736
1728
654790
4121
652968
83604
56100
8991
7984
22844
84569
79039
53342
439921
440556
3818
81624
501
10858
51066
146395
6017
7125
90381
2977
441478
1396
8647
374462
5153
220074
56171
5831
9241
999
170394
64180
401427
220323
7782
158511
89932
3624
5596
100507277
137872
53919
119391
256815
111
51196
779
146894
140875
56937
340508
401551
122664
57685
257062
4651
2974
1630
840
85016
64900
4088
163747
100505938
4935
4956
363
730091
55785
128344
26207
23657
4117
91851
100134259
645332
100189589
339366
85440
3274
26830
1634
2560
4889
7478
170063
5937
3693
84239
10636
3670
8076
400618
81035
415
730112
5360
79852
124152
9620
6387
2565
92340
3617
100505724
1735
7380
347902
5209
54997
26716
284434
84962
100874366
114905
23239
654429
147699
167681
728780
100507140
29958
343637
1842
121227
23462
716
83541
401494
6495
441295
126669
414149
79109
9427
55130
114882
2729
57801
9633
720
2348
414245
60529
339906
29935
4188
8322
313
23236
10840
2681
8277
100506765
57326
26027
100874275
254295
2852
339789
150677
8029
58530
8613
23194
120379
440905
339529
85320
374987
56105
84466
4995
9843
644041
283080
162282
91543
129852
56902
100652860
23205
85360
5121
7512
5731
80301
642864
100507582
128602
3010
9260
744
25987
23037
131405
83659
10611
440051
145814
1906
51146
10990
55080
1767
112885
25834
1828
114987
165186
387707
220004
80045
11166
253827
10516
60495
6092
8200
401253
27076
6385
148398
10062
116071
7164
55509
346528
56256
84856
144406
440585
5507
123745
100507194
51364
113189
285335
26084
100506795
5587
445328
341032
161502
54874
65975
23498
4016
389549
64785
152742
2013
655
100289473
26166
56288
84666
286676
162387
7157
2152
84867
387758
283731
2572
150483
401285
222967
4005
196527
146802
138428
26275
92565
361
170825
356
11197
9249
100132565
100131390
10060
116123
55848
200558
9940
123688
100509484
285025
10017
715
83855
441376
81871
100505663
4867
286204
51313
140733
78998
116372
64866
57381
80758
9653
375287
84766
6563
28316
337970
2028
23324
100506899
5525
24141
374655
54830
126393
54970
633
7932
147746
5396
91768
6383
471
6517
6258
79819
28954
1770
100874029
286187
130560
2052
22836
9863
6539
150946
65983
84249
341676
1043
284688
122481
85439
126123
100507466
1594
23562
57537
64116
139818
58529
5454
93986
6441
27285
4852
140679
6507
10723
51751
135138
2947
255119
368
219670
728409
9142
114885
202151
5913
55224
26020
79971
83903
10630
583
91147
1669
6263
100507401
25884
4041
6566
10783
155465
3351
1519
54587
57205
6866
644150
79734
221806
129607
340061
1116
10666
170691
57575
3770
3783
2863
87
160492
57699
51232
1278
63976
84189
344905
84529
4143
213
389161
440040
79652
400566
4008
874
56673
35
283129
100874090
27156
26227
4072
1852
27302
6461
64105
4886
284338
55784
54798
79887
5090
1615
387712
81610
167410
116984
23382
2944
100048912
57007
793
136541
10777
170850
84418
115948
788
28234
10130
51279
340198
5236
285220
100506237
8626
100506368
84690
100506775
6084
23221
3709
81491
253935
130888
132851
55901
79630
57105
57639
2661
100507661
146556
100506907
60436
653720
79776
9732
4625
975
84952
285095
641372
9576
6540
10100
5783
85379
375337
55553
286436
215
386618
965
221938
5627
7054
100506119
51108
3437
81622
677797
1417
11251
80310
9495
5764
2053
1647
6281
4501
89822
25791
138162
9848
140766
100873997
91893
728577
2018
341
83550
85290
6462
221262
100132708
1814
4329
425054
7101
53340
6720
51435
1046
9415
201562
100506384
7042
2978
389197
10335
158248
388394
84168
1149
5545
7439
388407
161582
51129
153684
219731
161253
9750
56964
2261
100505890
29930
51513
151056
4357
170591
9182
23433
3882
83853
245934
2669
4610
6649
2051
2850
2161
23639
160622
283104
79858
29799
23539
79698
55036
2350
5625
145694
344657
220296
4879
2918
139135
84071
440034
344
91156
138639
100874086
117583
84925
84631
149563
7050
64799
847
283643
148281
1612
138255
57545
402415
140876
399474
114625
57611
79885
10894
4051
92747
928
6585
26468
3732
92359
64800
259283
6509
84263
151827
54810
80336
54886
344887
57663
164395
284252
201176
5159
54762
1412
160851
32
256979
55256
6367
730013
27198
728463
4703
221061
100507521
54433
253512
10758
5351
8382
207063
80031
79857
171024
163720
84824
79841
347730
114827
339535
654780
349136
6529
5803
84275
84187
2900
374654
6520
388011
23209
4854
7466
26206
153328
183
2077
124602
133690
3766
152789
3920
4803
279
729967
9915
2555
55449
131377
7222
2246
57554
28987
84706
161742
25769
23620
11280
100131814
100874251
23626
4851
374920
55137
2199
684
9588
653857
79645
10003
60526
25865
3042
80896
10039
4522
7078
5098
9966
55742
115399
4534
8934
147409
64115
1050
2139
166379
4490
11020
54954
51481
30851
11160
5973
4234
162073
1473
153562
6657
386681
81833
80835
7471
132671
84532
153643
8659
55815
217
341019
92092
290
3696
8228
1490
10247
10580
947
27333
347517
5699
56104
100506827
389203
2331
4693
58489
401397
100128750
64410
285755
94097
255130
284612
84217
80135
83857
7205
154796
100506004
79583
387914
54885
100506100
345062
58476
131831
6694
8436
4521
8325
56034
2057
9457
7482
121457
83990
283152
7402
221178
400891
114780
146279
6419
149345
83876
57348
4915
3769
148523
157638
284184
6392
24137
60494
57124
80709
23678
80144
344838
339674
146845
1382
90167
1002
777
3418
8992
944
9368
158067
51214
55885
6678
6369
145407
10974
642987
6614
91544
89944
100506664
339442
54453
100128927
345222
5618
51
84171
91057
88
5166
147991
7137
10398
7105
10591
3758
2040
6330
644669
5369
100130988
10117
7082
6247
4323
51191
10953
648791
55799
53834
5480
128414
116236
100506459
8291
51148
100
114908
152404
10804
80776
80740
157657
128272
442388
677
100652739
5577
306
1582
51289
2787
2
3832
81831
440028
441168
90506
400745
51473
2059
80761
25959
1509
23580
3268
151790
2066
100302652
343521
83450
5521
221692
676
286336
80326
1356
2290
55652
100506110
283592
735301
255275
150368
8801
23550
8708
165215
57224
1200
4862
3754
10769
9356
93377
2697
6913
165
9531
7764
100507250
27230
493869
85478
89792
100125556
29091
9452
341359
10293
6123
142679
29940
100874047
57467
79774
55321
123872
51422
84033
85462
26232
85480
345895
335
7476
3075
391365
400221
26355
4696
9700
358
1062
5364
1051
100506668
399665
319101
55711
375704
23683
641518
114815
252884
283284
3077
6414
7003
766
84448
55714
948
153657
152110
3759
10449
84676
93589
64850
22915
100652824
9840
7009
54996
1605
147495
54741
5995
51198
3707
7351
9120
66002
23768
2746
64218
100506126
79817
7057
51626
2701
55615
503519
7409
3698
5579
84976
440145
25946
8490
4099
721
57119
92840
7044
5333
3706
201617
100507347
59277
2172
7018
100379174
5729
63899
10826
6035
4007
133
79611
100526739
3679
64388
26508
5336
3133
58510
8671
9211
51084
9547
155051
596
11274
11178
1266
64423
51704
100507506
8794
132
27286
84570
387273
55796
9096
253152
1907
100128714
23109
127665
151258
5066
922
94122
1144
115708
116412
4440
255057
143630
166348
647309
5052
3148
126017
339400
51705
100129515
56479
5732
57688
50640
140686
2846
2643
148645
13
23640
55970
2307
3134
50509
83690
138065
145482
414328
57577
56952
79132
401944
27328
79012
30061
29098
6303
8900
727
51678
29948
283212
83733
204801
8470
6778
8534
25932
283461
127700
4974
9619
4824
3632
169792
728040
3032
151651
84623
7424
54346
4091
4340
686
1463
53335
5376
145497
25790
400941
6750
5797
100506226
1757
2305
149233
167359
440184
64757
6887
3761
81832
2239
9355
5580
9813
150209
123803
284798
64374
56944
23500
348120
100289178
6861
54550
151887
127845
10140
22882
3303
79772
494118
7298
162514
55765
