144817
731789
159296
59082
150350
387601
169026
100129597
440184
55237
4680
154664
728597
131578
80740
100506082
136263
9436
1814
142684
283129
440695
116123
414926
80117
440068
100130988
6569
442388
283165
81870
100507277
4143
163747
4879
6295
2848
60598
79190
374897
374462
83550
388364
3053
80739
100507657
79413
3783
283601
79937
2825
89872
339766
654780
284798
100131244
401265
100506907
83990
5340
55211
100505663
259239
388931
213
3758
1417
79805
283025
680
55821
728577
219833
54810
688
55001
83447
3982
1277
400710
100506071
164312
344758
279
80336
2863
53904
5028
90161
3617
58511
345643
10293
221806
100128714
151056
100498859
4602
341350
85443
100506682
145501
25890
140733
3360
9293
9700
6549
245935
159091
92129
131405
3351
23589
255239
3352
400692
122042
163589
339442
100873997
353323
147699
9365
100505967
387646
400941
283688
7471
375607
647024
644890
145200
116933
139818
2762
7784
5618
345456
5456
143241
89766
4121
5583
100506489
100287592
285016
645332
27146
100506775
26330
100506126
656
1638
100507632
90167
152742
93517
128611
353142
2661
9381
221481
9970
283284
164127
147700
401285
100507466
63924
157773
192134
276
163720
1591
9744
1735
440584
100128511
100128531
283212
10
100874275
388387
100130502
206338
5651
122402
5157
27328
10143
123688
100873946
728780
253012
246
80343
353149
943
100506606
50515
5042
116412
100129662
80135
79149
100128553
6462
2946
54457
641649
5731
395
786
149047
203111
100289098
338949
84062
153769
347240
54546
440193
5740
5173
158983
340745
6758
5697
93164
340547
164656
3739
744
254272
779
158067
120114
10455
25984
7379
341359
10017
114041
100507194
1308
122945
2978
196483
5276
4956
29930
119391
151484
7478
25763
100506664
4986
126204
374355
3832
3358
3948
2774
340120
2830
164714
9658
4829
92211
143686
282996
389075
1730
64776
164781
51364
23742
10317
23539
1690
85397
2150
100506700
3362
643832
2984
344838
54937
81492
440051
341032
128272
677779
100507582
204010
56106
100134259
54084
4330
79925
642938
728081
57101
5369
80761
168002
79607
161253
7083
56954
340152
4618
51066
255798
441168
388335
874
84187
100874208
645528
400823
130399
138065
1768
130749
338872
127845
56256
7443
55784
152206
9633
4212
400221
131540
150379
170626
27145
2308
27077
90293
161291
7044
7490
150084
9077
92304
401253
11061
116372
2327
8839
64735
144406
10371
51527
91893
340596
9290
25854
574431
135398
375337
26053
79056
5915
1579
11280
653583
4889
2700
54798
133584
29958
100506652
3741
151871
84691
445328
100874055
1750
4582
79370
6496
27152
170063
286436
92092
54738
10998
441376
64919
30820
645191
386674
100874151
100506380
4522
9241
10141
4995
1010
200844
84696
205860
448834
100506866
79600
771
5021
94233
26103
100874012
63951
6006
414328
64641
100874051
339416
9495
1015
19
100189589
27019
1812
54836
285954
126306
57393
391267
169966
2982
100505601
256979
441054
441295
10516
22987
54094
148930
2064
10683
100130771
652972
1235
1489
118670
161742
11023
653641
442117
7347
55076
149465
1813
284525
1581
5800
100188949
145173
253724
389197
100507376
126402
1415
646658
57678
84679
386618
150221
1409
143662
7348
84649
54112
135
340146
100874366
100506827
100129128
3950
54514
8630
10758
58488
7015
643226
374403
23331
4291
728591
83857
114882
27115
386685
80144
129852
4759
55509
7402
114987
388011
80758
84858
100125556
64410
8787
8277
374655
335
54976
1828
84332
151507
255104
130752
83959
5542
64699
777
91646
84071
79823
91149
80326
9750
144577
23240
5409
254910
4008
160762
83871
8030
100507480
221191
54768
5179
202559
100287482
2674
1852
6091
56100
100506216
642924
49
10678
253970
4342
132851
51050
4072
91544
6476
51626
54954
2736
100288974
1630
170850
140679
92747
345222
2557
146754
100526739
5128
257236
57529
27086
27092
3042
129607
399948
10062
84229
389257
1062
440925
29799
3670
100506697
89765
157506
3814
27156
5453
343035
2850
574407
146212
55321
54886
84623
2944
25834
64094
132
283104
170394
646851
153020
57685
401288
84634
8399
285830
400756
51733
29935
58489
128414
26355
6546
641372
7274
256815
374860
7125
57501
439927
79400
4887
57535
23415
91156
23426
55273
5592
63982
79722
440034
919
25876
142679
348807
132160
10117
339541
79696
6441
554201
353135
284600
29098
7475
648791
340198
2560
79080
340094
2636
9244
26207
388585
150051
6664
8091
5502
100130449
84688
114815
286499
137075
57633
100505975
138639
4948
348303
152110
284111
336
90865
729956
654
925
57639
4886
22986
85379
8601
151531
8528
56132
389730
692099
128153
4696
148281
9616
196996
91543
25907
58529
441389
3782
100505596
8912
162333
7107
159686
4343
5133
122481
2765
100505695
51422
3955
1769
161931
7080
338817
116151
54433
431707
9119
1132
100507484
93099
100131187
100127983
3598
613
4023
10733
7984
114788
79801
3624
8038
151827
100507012
6383
57464
116028
130540
54970
78998
339529
7227
161394
81029
3049
6374
8671
56905
79039
115399
638
348840
255743
84182
22921
146395
146547
1749
645784
92104
6907
55086
55679
146894
135138
2161
9142
151112
2572
3140
647589
153
100132077
54756
407006
7827
10936
4496
386676
3846
201229
646576
51363
5346
284541
26828
84561
10309
85280
91977
1607
60675
400566
2202
390205
658
1612
80069
23462
400618
284184
56
3910
57549
8470
200728
387978
93986
401036
90288
676
9480
653247
344905
81031
100129827
221692
729396
3134
91057
25775
100506068
51765
112885
8741
4610
285220
4234
10244
161582
2354
84518
5836
654790
64928
9747
219681
1636
123745
342
84750
145814
347730
4085
166379
23498
57381
57554
4807
167681
2052
1871
126123
126353
400955
171019
150737
7932
402415
80776
114625
145873
127003
23439
386680
10591
114885
51454
2262
84189
285972
79589
57733
25823
29850
147746
83855
222826
138162
26074
168417
57205
1144
8900
313
152
79006
343172
27285
1143
283214
94122
23037
84314
124056
79109
126432
113220
1910
122664
100652824
340061
64222
2109
80301
153657
4534
388272
644669
114824
111
127700
100507150
285084
352887
404552
1583
730091
79583
2138
24141
89944
284656
793
401428
27042
51611
9902
167410
84251
57583
26084
10408
284338
339400
374920
9227
100128338
85478
55872
3268
5360
8412
126668
374407
57481
388394
84631
117195
2009
27111
10913
57462
401494
7518
100506668
650368
64946
2172
83695
64105
90665
60526
388780
100462977
56288
80127
133491
254050
200008
55799
6863
200558
1573
57801
88
83999
4257
80217
85004
5255
8708
83468
64800
57574
219731
10235
1956
54951
554226
100128788
57326
285755
54935
6954
1959
10479
100134713
286256
84059
100506546
87
57537
3547
56937
117154
440145
50865
51312
389690
81831
653720
152015
10953
57699
56105
10039
284751
145694
729967
256297
7060
1758
89932
2305
6783
11214
9508
7188
23119
56899
84448
27074
147991
2121
51678
729993
23178
2810
10858
23043
56097
51232
100506271
100287366
83541
2643
440028
4240
1002
653333
29761
400745
2139
64090
84105
399823
253512
56154
23639
100507203
1007
132946
201456
541473
4188
338699
342574
9653
4043
127795
124152
5549
1381
7479
3818
56171
116238
11130
5990
253980
10841
10954
699
317749
353144
1473
134147
644150
4914
56311
149620
6150
285692
221662
260429
79958
54494
9947
10636
221322
10950
7390
440503
258
54762
80709
255057
728441
343637
100131390
7881
3400
100288801
57611
79776
199223
25798
4935
8641
2915
136541
100506102
256355
10966
63899
7480
2558
25840
84867
85320
57718
26025
729911
5577
2921
1009
81796
6469
388753
90557
57146
100874251
3359
10846
387496
84300
83938
375287
284434
2693
55714
414201
5153
84239
430
100506368
5074
5090
9627
8228
7180
158763
50834
5121
151171
85453
89780
83604
23551
1944
24147
8382
147407
317754
387273
6662
1901
85002
27233
9723
55815
362
100294720
93432
55359
160851
11117
259215
83887
60436
57496
375035
388531
64218
3623
53342
3730
1943
1232
254956
5596
439921
100631378
285382
10901
161835
2565
3274
6565
27341
147741
1470
100506470
128344
4867
55061
220004
4237
170572
3594
9992
5988
5318
55224
159963
645
6041
25987
285093
147912
8309
56975
3489
2928
91942
29766
57113
55190
81624
139728
51659
136306
26508
155185
29028
80757
952
2103
10777
10611
389203
54967
6720
3918
100133985
400258
5912
285370
25865
408263
4983
735301
92736
347252
255758
55769
3581
503519
100506724
644041
254887
89782
27230
56301
57577
152789
56548
51279
558
9732
1949
6869
112597
221938
100302652
23531
6385
84569
84176
124925
3738
100506691
4625
164118
8800
64968
5100
257396
5521
100506532
85477
56479
8076
53632
79057
25770
2696
57575
343578
388946
7164
440077
55536
168544
165140
2747
10783
26011
119032
284217
285962
54997
701
341019
1582
140680
353219
359
79783
91768
11178
25802
339674
9167
340719
4199
358
79858
50801
9260
84318
79948
100506492
137872
85019
22809
23657
25906
330
9890
440356
6509
26018
7127
30062
57180
2261
167838
128859
7466
375444
284485
678655
10413
23217
152078
81622
83987
29967
100505890
1594
728621
116832
100505978
80034
54897
283120
9340
55267
89876
3702
494513
166614
79896
10247
5330
401397
100507160
440465
10126
11238
1821
100506100
100379174
11020
85439
677797
33
146923
100507661
4917
57172
54830
341
100506753
147409
4608
80313
7482
283731
81849
387758
375757
63934
10904
9940
136288
256076
55282
4016
54857
54674
57539
2947
26115
148418
114781
402569
131450
11197
7481
84140
79781
23550
80714
10267
348013
100506237
136
79363
64067
283303
2247
254122
128710
810
79679
6258
414245
643923
4583
1325
1777
5699
80000
9761
5525
1534
60482
55966
23395
100505938
100506123
345274
83659
23765
55283
9615
6507
132299
100507389
100131814
100506085
399715
162282
131831
10022
596
23286
57830
221178
463
4050
23620
10654
5997
4862
23209
471
51102
10993
7087
1757
79258
100132731
100169752
7941
100506325
84125
100507250
100128131
100507043
253152
10804
221241
1666
10769
283927
145482
425054
147968
29765
1087
1644
151556
50853
123041
84856
80774
340508
84529
283643
2152
25791
2520
162517
123016
9232
81610
654483
3977
939
122046
81543
4311
9356
56341
7779
53340
25911
283592
90024
8613
57540
283507
64792
55766
79846
11080
7159
114134
84141
5783
390940
100506274
387914
8153
100506161
11063
54212
79852
126017
163259
100507506
10808
57484
83851
100131816
5066
9027
1128
56902
7425
353332
114294
55733
3682
23678
8170
51191
60681
6658
55885
51477
1960
154860
8642
2963
1374
100133036
7857
122961
3418
222008
80258
56033
2045
4811
85462
2258
23640
57834
51108
645166
255275
64866
283673
5950
29075
3754
65055
146852
100129075
341883
23022
5973
221424
9162
440117
415
65243
23382
100506551
57007
53336
378884
4852
84456
10979
440556
84706
440934
23743
54885
140767
163404
165186
5778
11147
4326
160622
154197
399967
92370
5797
1103
10461
55034
343990
51084
27330
56034
2787
2993
10158
4329
162515
89874
23089
4604
575
199899
100505920
55607
53919
2878
132884
337876
5286
374387
90381
2040
283358
79933
255101
132204
25896
79734
81832
54996
100129250
9468
8711
56994
126859
266675
9966
9249
145858
6866
54763
79078
51362
10449
5624
9289
1558
6657
10152
166647
11257
55080
2290
286676
191
727
64648
401427
4588
646799
2051
2001
2740
390
118980
10396
54898
5071
91523
64180
677828
349565
57348
285141
136332
51003
116071
2555
361
2949
57688
54760
7091
6697
3761
55794
27253
64130
768222
8128
1770
5507
116255
6656
440905
222537
55765
729447
347902
9851
54550
139741
1961
22808
653857
729224
954
6572
1678
386678
220074
9718
116179
84560
26251
11086
5947
64087
5545
29127
79012
23630
84733
100131205
51652
93380
56344
6641
91147
85236
100506004
414149
7915
284116
366
387923
440862
63875
6934
202151
344657
720
343171
127254
55653
118491
652968
10485
129881
374973
840
4692
135228
3174
5995
6538
29089
1824
80324
4068
116511
7101
1066
283748
3321
6263
26037
374654
4232
55188
65999
53335
94097
164395
124446
221060
27295
9435
115811
55893
441518
167359
50805
10130
120376
8991
122616
124872
5444
404550
389124
85456
1907
1535
3786
1069
64115
7349
6861
79901
79698
64850
6723
387882
1611
7059
4907
6448
100130894
168090
57168
79740
10335
55364
8828
6328
114900
219938
92565
55103
5207
401176
195828
150280
56655
112752
26270
6585
168507
2697
728463
728464
2790
318
114795
400765
89837
9283
144404
100506453
120406
133558
26020
28999
11255
157695
2768
375612
389073
10519
9573
92840
100507524
386597
10903
59272
23109
84269
2983
1590
80201
3613
100507477
8745
137868
79132
7412
10395
64778
119548
4490
8092
284252
79645
375704
100505877
338864
54072
11095
55532
165215
9868
150165
5625
84824
100133172
729627
55312
146433
128853
150763
7855
134548
51650
23105
114822
130560
10224
343
374946
26166
347732
3460
170591
57576
9896
59067
182
79867
219736
122970
84063
10166
7205
9415
25849
956
200879
152519
11275
1767
10368
1215
1006
92340
157574
348801
11313
400236
55184
100507040
4267
3354
1111
260434
10160
84766
7979
9672
4088
7374
140689
23433
9228
245711
353299
7105
138649
64285
