3167
340784
4990
6492
64111
390259
23440
286828
317761
390874
9248
4159
100505887
644524
551
3060
2691
139170
337959
56547
345651
253017
54959
283953
85294
3604
8600
100131726
100507274
150297
3346
140469
3067
252950
1178
8471
269
3347
139378
26533
799
64902
5020
84109
51083
4584
55010
11082
337972
8856
166824
401027
145258
2564
2516
5367
51270
100652791
219409
85438
388882
79025
6755
282966
7200
100874041
388015
8811
6564
7980
171483
114131
442191
100132916
10202
26952
1280
143379
2940
100861510
181
100505639
442444
100507064
1420
158158
1447
127731
1800
89869
8403
4109
389840
79816
7180
50805
2693
89778
51289
4246
8788
196475
100506172
254240
2494
139135
3061
1448
6474
10887
140731
339778
4312
100506377
57538
6708
399823
256158
140862
1470
343035
4314
134526
9540
119548
54361
100506498
51442
6335
348120
4626
993
6332
388468
100507600
2201
2520
797
10149
348378
1618
647309
158763
144448
222
400668
132625
56956
9001
55997
93979
64782
5737
84570
886
204474
100506237
51207
7201
441374
57113
344387
2297
644815
100288077
909
3882
221301
2690
10911
56667
140578
152078
3904
10100
100132708
84700
5241
401498
2719
55243
5308
4435
140690
378832
100128327
84889
401944
64109
56245
10468
145741
100507195
221241
100507406
128602
3883
283446
147968
81033
64799
3062
222235
92196
6870
646960
79730
196993
5865
400794
440905
100131816
2834
56673
2692
162417
6658
374739
1758
1288
374569
1646
10164
80000
6781
846
158835
100507135
653269
4922
641365
114036
9427
5624
116969
921
167127
22996
326
57393
176
4647
158297
79852
3078
256380
200132
157381
79258
387763
158798
4018
285782
29126
55086
913
7802
1791
347088
496
56311
4319
80157
84634
100507661
8128
27231
151112
340578
144195
257019
57818
10143
63904
283152
139886
122046
7850
5047
338864
51477
3547
338761
100505799
221262
22943
100506564
2587
25975
57047
1129
200728
23213
285141
84996
6469
51350
1579
94009
284129
7223
64100
388289
114960
94235
3598
9313
4828
6706
341883
79722
80319
1472
100132077
3363
389549
26074
80714
56241
132203
5443
51200
283150
92304
163071
401137
401236
24137
83872
79054
6331
401081
54830
948
92749
390664
81696
866
100506801
55388
131831
93663
3963
9940
161835
64078
90273
414245
5228
5733
4004
339145
641518
5307
127602
56935
388701
367
23529
389177
158046
6374
161502
27285
57084
8823
3037
50939
139628
91227
254173
3084
1261
6526
2643
160492
50615
8460
100128028
4920
344892
200772
344657
1588
100652860
148398
140894
7757
80122
93233
135886
4625
89858
6448
162282
283159
10022
93190
9421
114827
100131138
2151
3002
126859
6736
81606
245806
341676
283080
646168
374973
317754
5539
9086
1015
26707
56159
3568
100129543
5197
285972
132851
1380
25893
10071
400935
59335
3670
440699
133690
200162
170487
257062
402415
83942
389161
220832
3762
123346
112714
201651
391712
1109
7080
642864
343521
145694
728194
55247
154075
2567
222967
4223
2306
26577
136332
55130
1144
100131378
680
255411
122481
64446
26150
5651
134145
100190949
7903
51378
5083
219858
155465
253970
80310
389432
9536
199974
131540
85016
158067
339894
81543
94121
133418
94031
124
123872
6357
55351
150483
64147
55026
8061
127665
100506122
161753
388942
730112
27123
84983
9506
55089
131920
89874
127343
65267
4016
1591
57722
200879
126306
338785
642946
65975
148113
6372
93517
149047
100505540
474354
646268
390066
51176
9077
729
389118
25797
440910
10021
26716
352909
55567
153643
83894
80129
1081
347902
2328
353219
552
79819
27023
202051
5618
2327
4013
4887
9170
161582
100505890
339221
83657
1258
79411
153478
80731
130560
9992
158787
9502
83656
284312
150248
185
117153
26166
255798
8712
401551
128153
727982
347404
7421
80086
347744
53405
55259
145946
285313
57529
338821
414
143503
153743
100506681
80217
400258
138428
341359
343172
196968
4284
51266
2695
139212
83659
79747
83897
64420
54986
642987
387712
926
10786
1306
129852
4160
4014
160777
9620
375307
2741
574414
7173
56923
343637
6926
148281
7113
202915
10345
7762
148930
4168
23753
440585
1767
642924
8647
80125
51330
9576
100289178
6694
170063
100506376
219557
260436
151871
201625
100874330
84125
84935
340719
7003
401296
286187
5370
91409
149499
220032
92565
100507242
150221
11274
57626
796
81620
3886
6121
79589
124152
286207
60675
255101
100506813
3856
100862728
3195
6581
116
643201
57333
10555
80832
84076
51393
6559
65999
23029
4867
100294720
126402
644192
133923
1297
138255
7026
120400
9633
55740
126820
51473
56891
221421
132243
399949
3248
57663
221409
83259
100129175
5122
8547
30062
159989
6770
79042
166979
400757
728208
55364
159371
55504
55282
1421
402117
54065
387882
8828
27076
2906
27253
90167
9182
168090
646851
4232
57821
84970
389421
1429
286499
100287718
347148
387755
2766
200942
223117
190
219527
9948
144809
91807
7054
8710
2740
81796
50945
8701
57535
3741
100506161
406984
55034
11174
5066
29100
114788
91179
136288
1393
280664
100506113
463
8444
144406
100506697
165904
285671
238
53340
6656
3371
53345
100506737
54760
135152
646329
1604
83892
100506546
5997
2920
6571
2515
387804
100506314
56905
285370
24145
89876
6676
159686
113763
55603
146802
127933
80119
8626
359
200403
4237
151651
7855
161003
23671
5592
9002
645700
440028
4189
693206
11063
53630
153657
222663
6004
554210
147407
6737
58157
56160
442890
2921
5105
1263
57539
1746
387885
9971
6664
64211
29798
340508
132671
348807
5819
83879
64778
1896
54510
30010
2897
84793
222171
4609
200844
5314
57577
79645
79696
2299
644139
401124
84734
29930
55999
64800
7851
390003
643365
54768
3973
123264
553158
5351
51285
389434
647286
57482
6576
343171
222962
3484
119395
11086
7262
140432
90993
401934
54733
6354
80127
92340
304
339345
550631
283120
6758
28227
83853
400451
60494
5805
3479
3663
284076
5858
130540
728621
138881
2188
114824
84969
339210
6150
8326
89891
4883
8835
100507389
54088
10003
84650
57639
2353
646324
10493
389136
100128108
259236
100505983
100507194
93010
1549
83887
84699
143630
100507612
55784
154865
395
55120
84779
374407
161394
201456
266743
10874
154860
202374
653499
90835
58498
158880
338645
100505775
120379
136991
53336
201501
91977
6915
57182
730091
65217
79465
408263
345895
254099
84694
114897
84223
8654
116349
129881
3630
375061
4940
6425
440925
11250
83899
8153
158038
256130
8689
9227
113802
285577
414152
10166
23601
139596
2938
100874188
150290
2046
3738
574537
387911
79600
81567
100885782
29780
503497
246213
94027
474
25763
64968
149775
22822
100287902
4888
128864
9214
10400
10699
26153
84684
59272
253738
7127
9271
442721
115123
144100
1133
120406
54494
441282
2230
8092
100130771
219681
728780
51303
83930
5797
26508
414332
196051
11009
2645
83539
9509
340654
27303
100505975
84616
2623
9356
84072
8001
55312
6003
100506012
2172
7424
85025
91893
286190
256764
5148
144455
100144602
54089
84217
64925
344875
64080
1770
90488
390
58
6934
374
7105
302
93986
117854
79191
131616
149478
151790
285375
7044
255025
4117
10913
729040
79669
130574
84433
203562
9914
2302
55036
54825
100129662
7104
3266
654346
9087
143282
4072
2348
114801
27151
284541
79733
55170
2641
90827
90226
401176
389333
7137
51449
8631
635
2205
55199
441150
22915
79925
91351
100128025
203102
3166
11156
84140
79400
7857
51015
80173
10799
3953
353137
9607
2963
574016
115811
5697
8809
23439
100506035
3358
4599
51375
388407
91074
89848
4917
154810
650
27328
23658
121551
389602
123775
78988
255239
6538
95681
54549
219578
923
644414
353139
100505967
392255
374618
538
84229
391013
2312
100507288
645784
1493
51151
200523
100506585
23764
118491
79883
137970
51054
5203
8328
163720
1390
7057
84695
92292
9213
4606
4617
81492
219670
81839
1466
92579
126206
28962
26973
6677
55974
6345
90161
730013
22854
51316
5955
84552
11105
221184
7873
1978
28968
54777
2199
85453
721
11217
130576
51364
66037
63875
79884
10216
677797
29949
5932
9622
4825
644890
100506826
5178
23217
80133
55017
79843
8688
57405
1038
158248
138162
254158
116534
387700
57205
23742
3811
3804
255119
8572
3850
100507166
130827
135138
374454
9095
50700
6782
55568
146845
54742
56475
54103
1745
4343
3694
90506
3635
2786
550112
225689
4938
257000
56659
5613
10586
1469
4703
100631378
64240
27287
25790
54102
8974
79094
22862
728279
283869
401303
3375
402682
129807
115827
5996
57545
84467
92922
7425
169966
2922
127255
92092
1534
70
145497
645974
83875
9687
81029
254956
283897
84520
29071
7473
5795
54766
148229
9700
90288
199899
375189
165186
51065
3310
5961
245934
2632
27233
344595
10758
257203
6594
56829
54897
163732
152110
145858
55184
65055
285759
10797
389206
157310
79056
10040
54763
51291
2917
54187
10379
638
79625
341019
158866
388611
4814
646576
1645
252884
149175
794
94122
125965
221188
475
348013
150368
130888
55335
2255
100506098
494143
54363
84817
387646
1553
90557
221935
4547
4986
60495
30820
92162
339400
347365
493901
1295
57631
128344
100422737
645332
132112
4009
340348
1446
375607
10647
10578
43
10095
5972
122945
643988
8425
388780
11018
135154
79078
126353
23406
11020
53831
6990
148066
342574
3294
100506668
6261
440050
23475
2492
23743
10990
8091
79908
11173
116443
57526
51537
55970
54951
100287226
389384
4593
84850
57549
7837
23682
1301
255130
79812
1069
341350
130813
218
1192
7485
204010
2978
55204
2636
100874195
651
338699
1644
83450
100507341
26515
1286
1339
285093
1154
150084
80704
79668
5074
143471
344787
1558
92104
344018
56979
29950
58505
5196
84456
6251
6523
343450
4151
23586
27019
3486
720
828
221122
1396
166863
89765
441024
391365
3838
221481
10954
5732
6902
55840
728
29028
64090
10842
65124
653308
5731
2099
6772
5535
8407
84288
6898
5244
196996
10736
400765
644669
6290
201780
138009
54331
6514
29785
22861
91875
644019
84677
147798
120224
89846
5063
7849
285335
1826
9521
79083
79583
439996
9050
7412
6935
2863
347475
100505695
7062
201134
157855
4829
6751
64772
9037
3992
11238
83690
10871
391723
100506907
145282
51293
25847
978
3875
348932
5359
8226
84569
401115
3275
54913
85441
60677
89822
2171
10282
200810
9873
124936
2687
56999
51196
284116
342979
10018
2848
266675
723961
170685
57099
134121
50617
55851
26032
1392
3959
83716
566
4316
5368
136371
10090
30061
58477
2556
1381
781
57822
3123
283578
4948
3773
92369
55582
132430
149685
7408
6452
348825
100506272
10788
84417
84168
646486
100131814
3822
203111
55258
6547
182
139221
10257
10082
8228
375759
347732
100506334
55728
26830
130752
100507376
586
9319
9723
7276
118426
170689
641649
2899
124872
146909
10917
3399
7474
2742
54857
8607
341208
146562
55959
119587
541471
2953
4345
590
80776
55105
55016
114771
84690
6019
140689
414764
6641
64374
23142
79864
64073
55635
80258
57469
152195
399967
3113
127795
57452
54937
220115
252983
3669
203547
8972
3726
8560
345757
54979
84617
1264
143241
6369
221981
9718
100874021
2696
200931
56255
3122
128553
84967
12
22800
387597
5446
136306
54346
55332
2673
100652824
283673
57501
13
5366
1070
100506664
126014
613038
79155
23564
3814
9333
6375
81693
399697
2182
28965
285962
2669
759
10903
130951
7216
126410
8905
100132386
643529
10190
602
80781
57664
79877
256076
3690
51121
29887
4952
7410
57593
80069
3135
343578
22987
100190938
869
6281
11118
10950
149465
10512
285362
163933
7225
57824
283927
84661
79858
23708
57583
170261
375287
2635
100507246
79057
256355
340529
23089
5593
3976
83550
100652739
55214
8756
284418
2661
94120
22986
344838
127733
820
6583
11023
646799
79663
84898
11092
100129792
10611
346389
388585
5817
3620
9674
255743
9021
100874012
3397
5754
6776
284600
4860
26206
3552
97
254439
8692
100507267
339803
27132
1075
91663
57687
54751
138948
9437
440097
10643
80321
6510
2395
84267
128
10471
79368
64769
27235
83650
100289462
81578
7056
9353
960
368
204962
5627
6728
79366
4885
6363
7296
9833
256815
55124
3281
80055
80790
122651
80763
120863
159091
3065
27147
253935
10687
55304
79865
662
64065
1674
51131
22918
252969
387715
833
57088
100506530
54988
10495
79192
79084
2168
912
5874
860
6328
100874029
55655
25759
685
127435
55507
27324
402569
3043
54753
284424
285381
10590
22921
728269
642938
2790
5021
140739
26146
112858
55273
7718
91147
5552
81624
389058
57097
11107
10205
2012
5444
23166
153571
27074
388714
4192
29081
871
137835
80045
54433
151242
51390
91523
1993
729967
266812
7373
100631383
51146
5800
1842
972
554226
257169
1580
132158
441478
127003
55576
51003
346288
118812
7045
149483
3149
29951
84848
7351
10046
81794
10964
115701
4057
6013
253573
80336
122622
245972
55190
8676
339967
7050
3127
150372
4604
3119
29895
55093
445
6498
4616
64735
26136
9423
388419
54511
83857
140876
27284
414260
10268
283635
10876
65084
339479
3175
400
5979
6862
85478
