100874200
8200
100507537
148545
389827
653149
388333
7512
54829
401036
4618
100132565
160762
1259
100506551
100131980
162387
6572
115265
258
122042
2324
647589
1103
5778
89822
448834
54738
53632
4914
159963
11251
145820
283685
148109
5029
653240
60482
4311
127665
10406
345062
389558
57124
100144597
285084
27198
554201
100507012
342933
7475
431707
28954
1412
100131366
100506085
25770
84518
134285
25823
4902
7348
8170
346673
10538
10141
949
8787
125336
100505920
168544
283214
2765
2637
100506470
7827
135
2138
646962
1906
131873
7380
89780
4842
54112
9934
4958
152
2487
6869
646658
80760
608
140875
2208
91646
2192
100505978
164656
2307
3440
168002
6539
440446
7177
285692
1813
2700
2300
100885781
388533
3758
125704
55536
771
1690
353332
79652
1071
266629
7490
10846
25878
2001
146212
255189
26585
100506492
64499
90665
140766
63982
9480
943
1636
10993
362
23415
51733
2830
6495
3270
84141
3908
145447
653073
1308
149281
259283
388946
2301
3294
161291
1278
50834
64094
10158
4759
8687
400692
3770
256076
1325
2810
100874055
8291
8399
7253
100874251
1634
5502
6496
7222
51481
5322
54976
416
10317
79006
26821
1812
440193
100507043
290
340120
9381
5542
4330
100507477
93099
100507140
4023
283383
389075
6540
23765
10819
150677
999
786
114780
340745
83999
374987
135398
440117
100
1750
1545
5341
23551
2681
5133
5255
2331
2852
7083
94233
390205
3698
7162
284340
5179
153020
363
56937
145200
3352
1004
8912
51751
6084
81035
1728
6913
205860
116071
336
6329
10319
153769
4501
222537
136541
207107
1285
574407
1043
340146
956
100130502
55076
5456
8644
374920
25876
340990
64066
151484
100506071
64073
254228
345643
2199
100506775
7881
8528
100874275
54997
29842
4111
114041
56918
9293
3804
85004
389033
100507150
154197
2267
387978
286186
220323
54836
130399
27115
2913
442388
80243
4496
9427
645191
10678
133584
100131176
3913
55282
100113403
221301
728081
56154
1473
633
27092
1490
7298
6017
1607
2774
342
64919
10636
5583
5837
9902
4212
5153
90070
2984
4879
10841
1910
123745
100506195
3613
56
6863
145173
115861
10942
167681
952
10398
1132
619344
2737
51513
84649
282996
171019
120939
10235
389432
494514
6003
100874012
3362
85443
53904
57549
57464
5121
23493
4038
7164
1583
389690
26002
653247
54094
374355
1029
406983
928
2740
100507203
114897
22987
253264
4811
6517
51214
57608
947
7015
11199
54935
441376
2335
139604
93589
684
10
728255
10858
147700
57801
284546
55301
25907
5947
1749
85397
283601
164312
27086
9499
143662
56944
152831
91851
8601
91543
10723
51435
57522
170825
79054
83888
654429
11023
3291
1908
5157
6263
90952
83543
100506899
4239
111
4357
326340
9508
654
3791
100505601
339535
100506305
143503
4854
80774
340547
391267
100134259
338872
84692
4956
5349
730755
100131244
653125
100507127
641649
1669
246
4052
1381
3274
3670
3776
100287592
7130
84659
150379
4773
79781
154860
388753
146547
84867
8519
100129128
84735
132228
1382
91624
100506926
100506384
255104
148198
92211
83541
7784
8741
221191
2202
80150
2791
10395
2974
51090
55289
11061
653583
353149
874
28513
7035
11197
94274
4852
613
642938
4043
7123
26609
1059
84766
100506489
10749
2246
56265
54596
9848
23240
9290
79885
157310
93377
440556
2295
343637
84189
6507
100289098
6909
163747
9840
55001
3624
90293
8909
406984
400941
126393
688
256949
170394
257236
100506790
654790
7263
7869
341
3625
4892
168537
10117
5915
8991
652968
10777
157773
4602
23584
4651
4160
149563
145501
2535
1299
4303
2152
27286
1902
2262
6295
3682
6452
5409
100873997
79149
7439
100128531
9074
643832
4969
64641
9448
873
283999
7782
8436
80216
93109
53919
25791
1149
150084
440077
57471
2701
51700
55188
683
4907
5351
8379
5507
3429
23742
6461
7049
7080
158511
57113
6192
388931
19
4099
306
79734
163589
2052
54089
84733
643226
100507657
64785
84858
85360
84696
150763
3693
285
100507194
1959
57462
6258
23239
5731
146395
57698
344758
284837
4336
5740
129607
3739
3359
339366
58476
57685
50509
501
56256
6385
563
256979
57540
2825
27076
51129
100128131
81029
3358
25763
2051
60495
338440
124093
503519
55509
8537
8659
9351
5105
1277
1814
254050
825
150465
100131390
219623
25984
9283
56901
745
56729
146894
5305
80975
23178
114905
57678
441054
24141
28996
3950
401081
79658
51148
5159
246213
4703
3732
3782
91369
91768
10826
131096
7058
51734
9970
6237
439921
3730
2861
23221
121355
283731
64399
55615
4256
80761
53828
3430
7125
5596
203111
5208
23500
100189589
54885
7450
5972
730
143903
10666
152015
201617
355
6035
8038
9452
60681
4713
55224
374403
2261
735301
5453
4340
120376
375704
64776
51363
84570
2572
388394
10461
840
1116
55784
3690
51327
4521
50853
3809
8502
151258
64850
5168
9260
58480
9365
558
51066
64129
35
4935
5173
92293
2746
2123
340061
57699
183
407003
3920
219833
55314
2977
7478
286256
7159
1735
715
2788
8073
253970
100874051
116835
58526
23620
155066
6563
729359
10840
399474
3812
23205
100462977
1734
5152
9096
162333
9547
84504
57326
57105
84679
23433
10247
285800
56106
79698
100506999
3754
2308
2978
374897
1666
64423
57571
100505938
10335
23236
79958
79190
84418
100128750
349136
23371
415
2
1009
3802
217
64699
2040
80326
23194
353323
644150
6330
2009
137075
80758
4072
79607
83867
2687
1298
84249
7018
8992
140876
84676
147746
1791
23462
79971
554210
84152
56301
2557
335
23109
386680
3759
57611
1594
160622
54970
344838
63924
26030
30851
11135
8612
441478
8490
25769
2615
7005
4889
440040
3360
1286
344148
317749
100463486
9368
1267
55914
51705
56650
93145
2787
128414
84466
25840
83855
5588
820
6506
760
100509484
284252
1021
284217
2219
124602
1368
49
23286
2034
5549
80201
51704
57348
8743
401265
58494
116039
128218
1647
140679
84366
23308
51228
4317
79870
11145
23209
3766
4681
79901
5010
285095
100188949
4495
11255
7932
729396
676
2674
374864
128859
10625
339291
9437
63973
10769
200558
5860
83733
23531
215
84529
1160
723961
8613
375033
716
26020
9355
648791
219731
84824
83700
386678
6750
83959
5376
401409
116933
284365
6579
3437
7402
10083
59
6711
5913
6640
26285
4088
79789
6696
4016
100131138
9457
116984
6614
80833
64116
216
3481
79887
221074
55080
3351
25959
10791
57467
202151
389549
10541
5315
3166
374387
443
3706
9573
8638
23446
53637
3669
92840
100505811
132884
3384
3617
146556
221806
729658
284338
25932
94031
26018
6319
348021
387273
116441
5937
744
6284
7102
100506100
6440
51198
1852
3418
155051
80310
4900
730130
9843
7101
9022
147495
1363
3761
81628
3075
400221
230
79776
4118
89766
3208
63827
10003
401253
378938
284184
79630
153
1511
7188
23043
6529
3882
83604
4915
131405
2065
81610
1374
23539
643965
3491
84063
10804
161253
54345
2018
9588
7431
100129827
100874185
201780
1128
133
1501
64321
3081
219654
85439
94240
53342
7107
79152
50700
89932
10715
92999
361
6678
3973
3053
1730
2290
121227
79012
9648
221395
8322
5579
5028
30812
100289650
57381
147699
4851
120114
79957
157506
26070
1903
88
5653
64388
1909
26664
10397
100874047
54886
6649
94015
3306
728358
64856
79817
5699
2022
100506206
387486
2161
7430
375337
389197
10017
147111
644844
399948
6923
5354
30819
84059
114902
65983
933
157638
100287366
404217
4493
80176
344
55885
84329
5151
521
1489
256227
766
7368
4155
144811
9770
5545
94
80303
414235
10516
63951
6907
51312
2934
220082
1271
9700
150678
9120
55821
196996
1143
148645
4608
5445
100505596
388364
54329
7048
339529
7779
56898
87
165829
57537
3707
857
23150
80031
81796
10901
286827
400961
7471
3490
26022
26253
23743
2346
57101
347730
79611
389
80005
58529
4824
9638
170626
116448
152789
5625
144100
11178
11166
3106
134548
6247
4815
170850
5446
3956
6123
7287
100499183
1144
84033
9636
1961
7082
51666
1956
3959
3140
2047
1793
63976
4886
1066
100507632
730098
647024
654412
79857
100131897
4188
2752
160851
57554
2918
92241
10815
5243
7078
5973
11030
1396
5138
8534
5375
340286
253152
162514
1901
53335
2263
339674
347
10267
10371
116173
221938
23208
283547
80739
2719
342574
80177
4499
11240
6367
9633
128822
201176
9249
169611
1816
133491
79785
213
2328
100874137
170302
6137
8412
100873946
2824
2296
400745
9717
84701
283643
338094
4853
2705
50859
7466
284525
1869
2297
2109
386674
1889
7001
6414
152742
100506237
989
84439
23037
9846
114900
100507480
8303
6548
387733
51142
975
2697
793
391
100506368
6662
347902
4318
26227
23678
148281
1933
414149
100506737
4610
6513
779
343066
100507277
3632
85462
114908
286514
55652
114131
119391
8309
5764
90627
220296
8794
11095
1003
339416
89792
1630
10351
57575
3811
6861
81491
94097
83874
788
64114
80896
100506123
10060
85449
57125
26508
55323
2982
79783
5137
55512
338817
440184
11328
651746
6915
221692
286336
100192378
54084
7122
22836
148170
3814
10964
81832
84750
53822
51450
29968
4985
2159
55340
100874253
116362
644186
10783
51599
4005
8630
441167
84532
23313
83795
9429
115677
1080
1306
54550
2172
358
79039
6242
574431
123904
3290
26353
151887
2950
482
8542
59286
4807
477
1593
81931
56164
161198
513
5228
100132708
339789
100130988
389136
286204
9444
339983
58473
57408
25777
201266
54538
2555
10410
4041
93517
339345
118442
6285
23589
55799
6227
4829
27077
9495
7138
143686
100498859
84688
100128675
138639
27019
5327
2900
2064
168975
131377
25987
23576
214
3134
1327
6856
100505890
401428
79413
100506724
3783
56479
4008
1465
51286
554279
100287225
1519
9658
100289017
3315
55243
1329
25824
5158
279
100506725
5879
5090
1062
58472
79041
152404
7099
219858
84062
1463
574036
10610
374887
89837
140453
84275
255275
83876
1783
7480
10085
3107
127845
56288
284992
81618
10365
26053
388
57172
5654
7984
6161
815
810
6271
10485
4629
1471
121601
144568
9071
440695
51108
100379174
3400
3764
10455
51329
83550
9241
345222
2013
51046
658
59307
100873939
4502
2139
2197
440028
83857
729121
118611
115708
10655
100505774
387914
2919
4694
8574
4490
2028
2550
54756
164118
7087
1638
146664
149685
226
55321
9235
4091
115352
4071
115361
100048912
11155
976
56954
83641
1123
4326
729059
145270
84706
148523
2256
399694
84886
10215
10809
5336
5270
7178
6509
5530
55785
285335
85320
26207
2823
399715
29948
100506664
164781
4313
23430
58510
8334
5166
3577
9619
147409
5651
5757
9839
9211
2944
770
23097
379
60484
90381
6566
23640
100506907
9413
27122
5999
6422
163720
10581
153328
3326
4736
1410
3293
56341
390
8404
3268
699
6657
353142
93621
84856
2905
57402
490
6208
343990
81622
3592
92359
286436
11322
308
51301
9142
25946
283104
346171
729156
9068
7846
8785
116372
23495
1667
23550
4489
9415
9750
777
64866
100507377
81831
4329
79875
100129515
30815
92747
154796
9289
139135
121457
283748
386618
114815
6135
256297
5662
83903
5587
5414
2113
25834
28999
100874207
5745
5909
90121
64108
64764
6450
219736
84239
219287
5657
4625
100862679
474344
100128420
9672
254427
9341
3032
10561
25884
5328
54587
100874090
51279
463
3672
23031
100128714
284612
345456
7009
155038
7043
114990
54443
6866
57580
80114
64115
53834
753
283284
6283
1960
4162
2078
116969
9955
64077
26834
5013
2121
100507447
100507347
2350
7314
51114
8277
7423
55303
117283
117144
2796
81839
51673
170575
4599
257407
10209
567
6204
6175
1351
27018
1191
222166
6159
25873
6189
6155
6202
682
4725
65108
23770
348
801
6201
3320
8933
2037
65009
23154
54704
130560
29116
2848
9047
1644
148398
245937
55861
2828
84084
84264
22802
64374
646960
347733
92960
420
81871
26468
51125
85315
152573
54716
3818
1668
23498
9531
219670
7075
965
4176
83643
6573
967
4121
340562
6376
1051
5783
84952
84448
11117
100506801
27147
22979
56034
5992
2954
146279
100506765
6876
293
51348
84293
966
440465
57194
145814
100133985
7390
84182
4498
1580
100506119
22844
6279
283212
150350
56203
9162
57139
83755
83714
146852
10368
100506406
339512
80045
146330
8437
64123
83742
10449
54863
150280
4257
100131096
83666
10495
51191
678655
4134
51765
26025
255057
140576
390940
54996
27106
440145
11275
89765
221178
124056
5521
51176
5551
79370
54453
1287
645166
100132916
388125
100506049
506
64218
7093
4939
6281
222487
440503
11167
7145
3705
22977
4062
10309
2864
5950
115399
23416
25798
404550
11007
7127
5919
118429
5329
245936
3948
10404
6624
6737
41
4818
51252
8801
1031
6383
349149
1002
6542
864
3987
1129
55601
127003
4286
150946
81833
151126
11341
7980
10966
55532
6166
10221
26012
90167
54893
8622
9796
221091
