2689
149699
149018
140807
127540
145942
3817
164284
286887
354
186
131
6473
8852
80168
285326
1048
283197
84651
9407
1357
643834
65065
64002
7252
342898
7141
1068
337
284382
5619
152405
389123
100505609
165721
284257
132612
100128505
339779
389874
9982
221613
5406
119180
399670
5620
7032
732275
10881
1146
1442
5232
284047
122258
2626
6703
6560
128861
100131117
6317
6700
10551
394263
10047
497634
149773
285224
1087
196472
153163
341116
2538
132724
5644
115749
2980
3853
5407
6847
115795
643854
23436
7031
579
388503
123876
56287
7278
3860
2939
10136
49860
79940
50613
134187
440387
3851
6707
79755
54474
28983
652991
26085
1504
6699
168400
100653005
5266
11005
83446
5319
5267
63948
2528
91464
140836
100874239
5617
27179
9720
189
405754
10321
387742
284749
3868
1539
402779
27293
80341
83893
100505515
1208
7047
2813
646074
2688
3854
100132464
92086
392862
1576
51297
10879
124626
345
26137
1584
117156
1559
3713
5005
100288797
163742
404203
5669
6439
203413
5161
3972
100169752
84070
54544
1672
200010
100288346
653509
100505545
57016
203447
5284
2304
9247
6704
259308
729121
2713
325
5304
11283
158399
1310
8513
9496
100130197
89882
4589
2244
7429
1562
137797
153745
139804
133558
285877
81833
30816
5967
4114
644511
51224
130120
346007
5672
11202
80039
5068
3866
170712
10343
403314
93129
92949
7498
10880
5004
2243
6698
220082
3080
100874234
1401
112401
970
173
6690
10794
9032
11211
54577
374768
100271715
51208
50839
203076
81472
6550
341277
43849
7365
4988
403315
440163
340024
100506310
4153
64063
1360
81626
255193
100506917
245932
259290
284904
5639
10930
6525
63946
79170
160065
6356
8290
255061
2570
5968
728095
220047
100505547
100463285
124989
128821
63970
441631
3567
653808
255220
1444
100130548
100302223
126536
26
6555
5212
112744
2694
387638
6725
100628307
8993
643904
1510
2638
140873
84953
100379220
399968
284083
100188953
646023
441009
6289
100652846
474171
644090
140628
728409
149998
347516
845
100507584
83715
100505964
144347
6329
100127950
1138
489
79774
81616
5673
283460
100506474
387695
3090
8654
128653
84985
100505658
283102
100128979
146378
201243
51032
100507605
148345
158833
94033
266971
4654
100507654
404665
138724
342897
646282
149095
10842
54827
1179
406977
285593
93654
388719
400696
4107
462
390110
100507091
401114
400728
22952
388595
116444
2158
148231
91653
56903
145645
7350
201181
11330
94025
442898
2660
100507362
9752
378807
5540
259
79574
6288
121275
124220
26579
5671
90134
56649
728450
8608
142683
148304
1538
406978
5948
100506413
123970
284680
100506321
5626
57152
6608
5225
11126
127670
256646
406925
100127974
8074
352999
27329
63036
147183
388960
441476
677828
7422
375519
27201
1999
283332
100272228
100506025
100507062
56676
677837
348158
151295
55138
284266
84075
6705
375686
58531
100131635
204219
116519
100505824
442213
2707
100507646
100874093
693226
350383
124975
29109
84875
9390
100874196
643236
56413
100288866
161436
100505624
89884
80004
645249
647310
54821
3697
65072
169044
165100
100509205
164592
401074
3034
81607
100271836
246744
10316
5222
255324
353133
277
5568
200172
91734
6822
644844
3929
283471
51351
100126791
57654
400966
6947
388550
79959
100288069
56146
55701
53841
5017
399474
64232
339398
729085
284418
375248
4184
643382
284355
64411
2195
9153
66037
641298
126868
79799
100130954
285955
4838
91749
645811
487
246721
100506226
116085
6095
7955
121643
7638
127
875
25845
10068
8639
390535
339403
401039
100507261
767
79788
154214
643664
6615
388830
54478
30835
1014
84179
2859
5077
140856
100507034
284207
140771
84659
128876
257629
89
152185
353135
155060
8748
6554
266747
1945
100287049
1289
79924
6286
239
100873969
100134015
100130776
100131193
386757
9877
125919
11318
64386
81027
8483
257218
100286938
377007
100130827
283860
2099
4636
100129845
199800
3574
390667
283375
79782
79727
140732
116512
1670
29881
126231
2619
222696
387111
64285
245936
84847
389677
640
1586
643161
2797
202
10481
85509
54860
693155
339122
7481
79676
6528
54429
7021
404220
11085
25764
339834
285643
645683
57228
260294
56920
341208
54831
115992
119437
100505678
400558
100507511
146310
100861519
4320
284359
100505870
84920
114991
722
11194
7020
347344
10517
64857
440600
5331
1811
646600
9044
51202
100133545
127247
8515
121214
1187
9808
1244
51564
2895
27295
165082
56123
100192420
23102
377841
26291
5076
6005
5598
10738
649264
5260
57186
613037
642475
7565
84444
340390
283149
79642
642636
283971
8510
414208
64711
83439
79748
375593
56833
197350
728175
283849
100131825
100128770
374286
26261
6874
1136
8940
440345
342096
730227
3750
643376
750
51738
126308
114899
64359
79915
278
23036
375611
2316
10568
649
375748
7352
369
79813
124535
256329
9736
374955
83461
130106
733
1056
10162
284369
85474
1506
9048
3915
2928
118856
51233
253044
125950
64718
91862
55171
100129215
11209
149069
6927
256710
642778
5829
84960
7051
177
641
23013
8433
80255
3960
4486
4583
29986
57513
27290
23117
5030
54020
100506020
100506275
219537
285346
646174
150696
6521
127579
23417
1564
1188
9794
81786
9968
286046
677768
51156
55586
148932
57715
553
54832
79983
3626
400931
196477
10677
83756
78989
26238
126006
84073
162540
10665
124783
161497
388558
55732
132141
130271
5916
51205
124751
114785
440295
9842
2038
728053
440452
284443
23729
346653
26263
100130855
643847
160298
5338
3700
6929
9220
440854
143678
553103
91107
25895
283314
647174
23218
3038
246119
58508
203238
54106
729830
222642
100506258
8688
642846
374907
100287722
283298
196441
3292
1081
541565
56108
10142
23351
127294
23133
399909
79836
3664
114044
60437
401172
347918
400986
338963
26505
9857
9656
27189
8651
6779
150709
6591
84962
55667
390980
8511
55020
2529
23225
120071
401565
57650
126375
7148
729665
84519
79767
79153
55336
339105
3565
79844
26548
55544
388564
200958
8085
5970
22925
2033
2100
2735
147872
400224
10388
619518
200634
1311
440730
253725
158521
390748
55198
1663
138307
7455
29999
10198
84662
54441
80835
79667
4017
1577
23086
11074
10861
1180
56121
27033
100506675
27232
11176
27040
51332
3004
2678
7840
54567
4615
339302
3373
57530
376132
7517
84647
7106
100505758
9739
54621
29954
285512
729747
6361
171017
27443
283629
285590
9563
283208
5652
100289019
339768
55762
253769
378108
3699
116535
10821
317648
92591
1815
284371
5342
253962
4585
8289
23211
81544
30012
10251
11083
376497
24149
286103
400713
199221
100128262
4992
283514
2877
392307
91748
81629
7161
221400
79935
100170229
84436
5980
124404
3593
405753
57167
51294
203074
23294
23463
7547
117155
57610
100287934
92822
200232
4485
100505561
100287569
387119
152065
643
728841
197335
26504
100506211
11227
10864
7783
7629
4919
4289
285464
201164
100507018
2264
285189
5893
53905
23067
283575
168433
90233
57828
7142
2886
10850
859
146705
55107
64427
55824
8837
100134368
147744
3563
1787
143941
64783
54581
10847
253128
157680
6953
7041
548593
100128682
677807
84904
146822
4301
84765
1282
6650
58986
2998
57835
3551
2248
23511
1565
27434
644838
155400
100505696
284865
22917
8509
1775
438
51479
5989
285848
27158
29988
56145
79711
623
284739
9064
387680
3645
374879
375346
2041
80726
259294
23275
441509
378925
116540
57634
79037
54069
221037
4975
10734
54906
3902
51684
100132273
9439
2186
26576
7866
6692
55561
3880
165545
445329
728642
85301
170690
54758
57127
158427
79918
23135
389114
169522
23334
643641
7414
79818
51409
4157
1443
54039
55051
130916
152992
79701
84126
587
51735
7404
1013
440307
9057
4438
284297
353174
84618
27127
1305
401563
3676
540
23354
414778
55125
9726
100506164
117532
79871
114819
285489
6442
128497
158056
11133
79998
9965
51281
100291105
84528
29998
124857
4040
442578
7289
23310
5118
6580
55663
23347
284349
254773
55558
388284
57602
79809
124923
3263
10620
613227
55599
57053
26249
219743
790
285440
79919
85026
284900
126549
768
200420
283922
4863
8295
9816
8320
84449
6895
414197
55096
3834
79695
30832
284004
1773
284632
100132247
100506469
343472
55127
677810
95
399671
374383
63922
57669
100507398
148156
7728
283229
6666
11247
2668
5727
83448
55835
406992
8858
10101
51385
9542
317762
284403
100505718
22976
4081
220963
6799
10051
3549
144132
154386
824
285074
84622
100506705
56253
55072
197258
10178
51366
4849
54956
364
164380
65220
148789
100286925
8578
23315
100128569
27129
65010
170392
2559
23140
10385
7011
645832
643338
100506680
3898
22897
317701
2250
1387
1557
645121
10747
203286
10050
55267
168507
728989
50511
146325
150291
4641
124997
9321
2176
7134
147687
9476
285888
10985
116842
57592
283234
149428
26152
2146
100128398
9960
80169
55066
7862
100506834
85459
23318
80329
79081
5326
25992
3603
57661
344805
197322
56751
57585
56246
255812
29062
205717
255738
116729
1911
23503
23098
725
6097
4595
23224
5387
132949
51011
11172
100132341
50943
617
22881
8897
345462
124221
6337
9567
8178
79987
81788
3931
79801
221393
6793
55345
2196
7222
147808
3316
83889
8602
55930
100289678
153396
23130
64072
23268
440119
2649
7079
1198
84245
60672
2020
56155
4356
977
4297
56731
9411
284723
729440
172
140825
7369
2315
57673
23279
219931
646643
162966
55023
22909
84464
3743
63977
341567
7789
732
9889
57523
54903
2147
10748
123722
525
7307
79934
55057
548644
23358
10660
1437
100874207
643853
54520
201255
23352
654254
4656
255928
8888
283551
645027
57643
646498
27005
6584
256021
131601
139411
100132707
122786
285641
388428
7691
401541
79098
140685
80237
91860
100144603
79172
9564
79723
80024
1203
49856
84132
729041
64745
9906
84836
256126
342945
440955
79832
57573
10807
347853
55890
126917
133522
55728
85416
79616
10256
10737
1181
8288
158326
5140
3054
54509
9354
153218
54487
441108
339123
169714
55727
1105
100500938
140710
79902
57649
146771
79990
5426
401546
93273
9855
8816
57519
134637
266727
83758
728655
84865
8737
84667
57589
1856
1789
404734
5725
85451
10781
1513
9923
155435
2232
11279
3290
5424
79581
11093
6904
163033
7356
9883
100507300
54964
84167
4661
54919
9696
100316904
23274
57604
84901
100289509
9543
23774
54866
9263
9704
64375
51455
128817
51490
79906
51545
57494
497190
5649
43847
100507033
164045
23081
100128164
285231
1145
1407
163131
22997
51236
58486
56946
7442
3980
200081
8312
729092
5015
56114
100101467
57710
84080
114790
84720
79087
23243
57567
79802
390792
148898
117166
202500
338799
10454
1820
206358
54891
11284
8532
11012
89781
100506660
51061
10349
25836
203522
3952
255654
2356
55867
6941
26499
100129697
1130
79169
283377
5930
23527
5606
89845
8427
23132
8899
25862
257364
80233
137994
4881
2073
22877
340260
23143
1788
2049
55527
9885
50624
7756
10793
84809
7753
2676
339488
7516
440498
63035
57212
90850
90007
6314
1763
55092
84859
9080
79797
466
339451
7706
2588
123099
7644
23030
7553
2738
3425
201232
23659
84948
8028
29941
3589
284654
84107
439915
51547
2916
92715
414919
79091
80198
94104
55135
79570
199953
55131
84787
100499483
126755
9546
155368
169270
123207
642799
100507546
64768
55252
11000
9027
9282
139285
4957
3720
51326
23165
2189
6718
1589
81558
8859
100506686
6511
100505879
55636
57448
728537
51585
10401
728888
5025
208
54676
56997
5174
197358
26151
54854
29904
5586
23131
57695
341880
64175
201294
84807
2822
26005
132241
391123
3728
79970
401884
29774
100037417
9129
196446
27090
254428
5256
22992
9088
27433
7730
11052
127002
10252
100505771
338376
653635
7372
92595
23174
63925
1847
56652
7621
22852
55888
79058
151171
100302692
643866
23269
26184
10347
113091
348327
23019
6093
90060
58496
23049
100506930
54851
84872
11055
114881
283050
493829
84224
2677
25925
9925
6338
23389
55183
136242
1786
1482
641977
57479
9374
730051
414189
2086
2074
55501
5771
221908
2976
3590
79894
5347
51686
148979
171023
55698
288
735
100289635
23461
146059
162967
51149
100507057
84289
90379
9869
57701
55716
79891
25909
23379
222389
246329
178
89849
400831
2683
125965
170958
54496
55160
10298
1045
83729
220729
283337
92170
79854
9894
84823
64787
57553
80298
10587
124961
79050
5106
79946
6340
64132
5934
2006
220081
54822
100131439
284649
23090
55009
64689
339501
80765
90525
55196
89797
55713
7804
147011
8484
64844
126147
57089
283392
192666
8021
8048
8880
401010
642597
50937
55810
54971
890
340168
254048
8527
2115
10520
79829
124245
220064
7182
5343
199746
90139
245812
9649
7175
3177
90668
80153
5238
7074
3978
56339
114034
3954
60385
2811
400793
6991
55113
613211
5470
286411
6837
150353
254065
255967
5423
339883
5451
84851
54465
51542
128637
65095
4776
83744
151306
2997
65250
84101
4282
113612
23054
390928
7297
286042
284001
162979
55128
256051
9814
285941
11096
284613
117608
619279
8503
137964
10207
340602
147686
54660
114826
10867
79879
79173
112869
84804
11218
55154
59344
440138
7576
84196
9465
57222
157848
9785
129303
9585
80209
93653
100527964
57111
145407
100507118
23144
