404266
3218
3216
3234
3215
3214
3219
3233
3203
100133311
285943
7401
3202
3199
3200
3222
3201
3223
3235
3198
7299
390181
3204
3205
3224
100507500
149461
3213
3226
8929
100506311
3206
153201
2128
353131
170627
3221
6490
27022
126
3009
90655
3212
389090
100507540
6403
3232
3236
203100
401
8329
3225
219793
284186
2252
10663
100506373
4640
346689
27334
84636
112802
442497
9212
2568
51557
3007
4063
26298
400043
27299
2833
9402
285456
257101
259286
401247
338323
2249
115273
81792
84885
133874
10225
917
401138
728012
27240
2672
29851
729230
2491
3013
8356
6932
100874362
3662
158381
121391
648691
284361
959
259230
79644
400804
3906
254827
6504
2838
83540
130814
170370
9133
54754
285501
9367
149628
57823
100507639
202299
29909
941
339168
353345
85479
962
3003
373509
196
148811
27288
124871
3171
160364
7499
135927
10462
915
55326
115362
51052
259307
5008
30009
53347
283194
114836
84034
92483
79092
286530
414236
151254
2055
85417
255187
55614
55726
55539
914
23460
171389
26762
1358
3833
643418
340273
6846
284451
117531
2703
146861
54586
140738
342618
100505622
26246
4653
10753
10537
338442
283659
84296
400950
55640
57094
374395
168975
9419
6364
283694
100505994
3932
283692
85329
125
50507
197021
931
344191
9635
3161
2999
54900
128646
100130231
286333
400746
93166
100130613
56913
219970
1521
100506736
157273
731779
257144
160140
389643
391059
653483
144715
387522
284110
25825
1118
246777
3458
971
2865
246312
55789
644660
158830
916
1755
79961
100506915
2527
3820
2330
7634
8435
253714
440915
7367
81030
28966
25923
338739
399706
3001
54064
5457
285266
135932
8876
9103
57045
2620
29103
100289373
84236
28971
4283
154141
26257
140458
127018
5734
147920
2213
116844
60490
3560
149643
100129940
25976
724087
54108
10092
11025
7136
3155
10855
5663
79839
64081
9517
8970
729648
64927
319
50846
64005
80071
54210
11068
56302
195827
388325
25816
162394
8632
387751
169200
142891
10693
312
3990
55166
221294
150000
81930
3575
11262
4046
148713
727699
23532
55293
6819
83594
8530
1475
1515
100507144
84986
200895
286148
135458
84658
9154
201633
100128420
3821
440107
3557
10467
643714
255231
3231
29125
9
374393
2318
51099
175
286467
349075
9518
388588
134288
165631
100507054
26064
55829
27197
256435
100288428
8994
23120
25841
388555
284992
84328
80342
1362
728431
51014
827
7153
6840
969
940
346389
23250
140803
158747
87769
54858
9824
5890
147945
202309
79168
8341
10066
55843
8985
50852
374308
10045
10110
441161
100130742
57674
3855
9595
51274
634
56606
117289
813
729234
118461
3586
26248
8714
9420
838
84888
3433
147323
92667
2184
7103
8633
100505826
64418
728130
266977
2585
64215
10566
653739
1370
5329
10344
3120
112574
54809
8693
284835
64342
2359
1997
284293
4864
100271849
100506733
100506115
127428
150596
4821
100506385
83998
924
5033
22875
100653515
729059
2167
55200
100505633
220416
503569
100507564
284241
3792
160365
5756
51643
115019
170679
1486
219855
4642
285834
57453
130355
2070
144608
25963
100506530
1435
124599
100506462
338440
89857
117584
9046
10586
55511
728769
6801
80014
27036
11141
1270
220965
8645
91612
2015
25801
645996
3681
387036
54855
64174
158257
121512
25796
4818
79993
3118
400673
1089
171558
51227
55144
117194
283587
100129196
746
5898
6275
83697
85413
644997
51665
154467
140564
9124
55032
163351
11062
730
255809
387718
3683
1318
5294
2444
3340
55281
63928
84941
64422
100134361
3
6522
4261
7104
22797
135656
51252
150681
54
57404
7373
1232
139081
51135
23562
5046
5271
9047
8477
55165
356
3559
3512
6241
643008
63950
5523
7045
23232
63910
645432
4069
645455
60492
6196
257169
2841
91687
1687
193629
6484
5054
259266
8826
56000
133482
2760
54033
10333
91442
56987
323
141
100506637
10599
115727
219293
92346
1880
122011
643680
284325
991
84645
166929
11078
51324
2329
134492
7454
8468
51429
729296
55510
25978
7098
51314
253650
150684
140886
23650
10203
388282
79828
129642
841
390072
229
23424
1233
197135
11148
29095
84290
911
119392
1990
51311
79090
1371
83596
283
3561
51575
353500
340075
653390
3055
86
54820
55771
55911
5142
254439
2627
133121
9767
4316
137209
91937
11018
79899
23376
27071
51071
79635
84868
130132
59341
23471
100505929
154442
8365
114792
342346
51076
8935
348938
64398
157570
1794
768211
51192
10981
100130887
100129858
63874
7039
9469
3117
8549
121441
100874261
1366
89886
10435
388512
50486
93349
55227
2519
399
6693
5777
5328
6238
837
50999
151188
147138
64843
116039
440023
84432
8778
30817
151647
79582
1719
6590
7124
116461
57211
80231
83903
5009
83706
4295
3006
79086
54680
80227
695
5551
2204
138241
8338
4065
55331
121506
1281
85377
9034
5265
100775104
6556
728290
3576
161829
282809
26188
865
150159
6296
114904
8820
100131089
10165
221223
100505746
5450
23632
2339
1234
1163
8843
9358
22809
8807
79666
9768
23547
146956
9123
56940
160335
131377
5828
132864
401577
91947
283431
51226
115004
114614
10163
84216
4064
6444
945
6102
10077
9370
9134
57716
9712
100507562
347454
115761
84327
3242
83992
4481
57477
1102
162681
100874114
115111
4793
1536
157983
8875
7852
60485
10241
10549
58533
10617
154043
441549
29899
2549
5794
7096
8689
100303491
89839
81025
50940
158160
574016
151234
100130691
29940
653361
258010
3779
1439
944
92797
84225
140545
93034
201799
146857
55848
163223
5732
8773
3111
2303
3702
728
100499405
98
80380
9787
54059
28232
10403
660
6446
100271702
27180
114771
133383
85480
64859
4669
100507447
23429
4515
201134
149708
494188
23184
55917
137835
9056
3240
79933
9050
4688
166863
9580
353116
9507
672
834
54893
10672
11177
10205
50865
10249
100049716
344752
550112
2864
3805
25894
220108
4124
3092
6813
340205
89853
597
56911
1050
51056
10288
7957
55937
8819
4068
79974
93183
147166
50619
114769
5062
1520
60685
100124700
497258
3991
55248
64407
3673
23643
170371
6917
79634
79822
100129794
9976
84057
4286
100862704
79444
55858
55862
100130933
407975
6788
139716
57705
79640
8942
124460
162461
51074
10320
51128
100130733
64098
8685
64926
8318
140625
79660
11235
729658
4036
254268
4643
900
29969
126364
93035
113277
6582
1525
144321
3988
1497
399512
55589
163782
643414
8832
55839
9833
79628
2829
285386
3889
25
57082
115908
55437
54502
57817
8546
256236
1307
92799
83475
10800
283335
55179
29119
389084
5611
100507391
94120
6401
54941
84061
3128
63940
25938
27296
1161
6402
644538
84193
3176
91452
353514
54933
11153
375387
57165
29915
951
493869
143471
4772
9601
100506054
64849
492307
116496
27074
11027
4288
1041
6747
2581
11035
100506144
283349
9404
22989
723790
326625
130535
1265
7128
1379
157313
51019
7035
57480
153768
285362
4313
126119
58504
54149
64097
8347
64581
23526
2299
150165
145376
831
10788
3108
126075
864
4598
554279
51115
84674
10673
10437
3099
5880
150372
118442
145757
643770
11228
2531
100049587
1469
196872
3119
54947
84002
8638
92291
51284
81704
643332
976
283547
3930
126410
3059
2180
3892
100505806
285527
3687
6094
153443
57010
10863
55320
374443
283254
29880
4542
285025
580
257106
5251
2533
3071
159195
55151
5337
440288
401024
5506
641455
84281
5729
9694
1080
29121
843
631
8631
571
304
10312
57096
84081
2623
56895
9936
7462
7318
389641
79817
4901
10380
2212
55129
10876
442524
63895
147741
5475
1676
55323
968
3554
60401
10806
1021
29933
339896
25879
642394
84676
92014
942
22918
399821
3684
9813
5962
9333
6355
23533
654817
56918
284573
51225
1838
4255
1373
100506540
9582
79694
124583
152007
201305
27237
51267
100506797
57804
2530
53827
93587
5435
118663
22856
387647
643733
3903
25936
221188
29071
8269
643155
57556
2779
79956
1806
7518
92017
100506994
284759
10475
5788
83854
10226
100507463
113402
51144
84214
130
27306
60481
858
79865
654816
143
3394
930
1827
11024
29923
84791
100129540
3310
1361
84899
91404
441167
64231
55313
1595
3936
11118
55647
10404
23111
6672
7942
400569
2000
149466
51421
10261
55507
83734
6655
219972
254158
1441
5896
59345
3431
10329
28965
29760
3965
55646
28970
344887
729013
51752
10626
6939
9801
10870
159989
64092
4055
51237
6536
10507
912
246778
150356
25937
4969
467
11046
151011
8458
55133
120863
84689
400759
29946
256764
404093
90141
3976
64167
85407
11185
11314
27236
23478
8908
1117
11155
283635
85414
29957
84106
5321
79649
100506459
5281
58191
124773
3953
51365
55106
4299
6037
285268
8767
123606
6342
8611
8797
255394
161176
10666
283897
6845
344595
699
6036
353324
6123
55704
79626
339745
6373
4973
1573
55213
51338
1053
55075
27437
729678
10871
50636
4689
55796
3426
254128
84336
404201
60489
128853
9771
538
1240
8676
6850
222698
10859
3109
54918
6503
27131
100885776
23303
2124
8898
51315
284521
7366
6688
80194
146862
100506098
80008
4921
117248
11342
117283
445582
55256
79890
7803
9332
434
9235
11149
27292
1438
390245
100874323
118987
26099
3606
1238
7456
23087
10157
215
3481
57409
27287
1717
5334
10268
79651
5207
7681
53831
154215
1824
55230
9639
51114
85477
54440
10351
25780
3572
27181
4327
9473
10161
223082
6993
7133
4146
283856
221184
8540
2706
92521
138881
3303
7923
5742
3459
121340
286151
255082
100506403
4752
646450
11006
5638
135250
7743
8725
27350
734
26157
54905
2357
100128385
3553
26022
282890
6916
54436
54898
197370
3627
4734
729040
8673
284086
10396
25934
84433
23601
54499
22998
55304
54960
54518
1378
6814
91614
84191
619208
1326
10778
4308
160857
3428
54790
4893
57493
80346
140462
6713
7056
3784
387082
22914
100287225
51100
4600
1671
27094
51316
2014
81579
9435
414764
26136
960
63901
8740
360132
7100
10627
6039
10767
221443
196740
118788
118932
283991
4756
124222
100505811
8969
8334
8870
79725
100130581
84166
84466
338339
8416
9450
440104
64798
197259
2313
91607
9514
55
55793
85013
199857
340591
283420
80820
200316
4837
145282
3587
285852
3694
3127
8560
80781
56477
285195
8544
1160
346171
629
105
26070
5908
158135
80731
90701
100302736
3695
3077
100129792
221472
56062
1312
3135
10135
145264
128869
55356
3678
432369
653
318
84790
254863
2153
4250
6760
29763
340069
79036
3566
57826
3652
644019
1440
10640
4256
64318
2634
6424
671
2162
2331
79443
2210
857
63915
56923
828
5681
400578
8798
302
79856
51287
58475
23166
6398
10019
29956
4066
286749
654342
11063
29948
284417
2203
23034
128209
3552
100127983
23052
55723
22890
64108
1939
6642
100131096
128488
10553
100873962
56952
10420
118611
387837
440689
9061
84925
54097
2819
6614
10875
51411
100507367
10750
4507
114907
3339
100128788
285203
340654
2263
241
83887
957
100507053
5648
4634
79083
100233209
5906
719
127255
80224
55016
1046
388125
3688
11036
3753
253832
1133
4801
9380
7940
203328
55120
89846
11234
131616
221178
133022
6518
27173
350
83795
11322
272
727
387066
2793
9528
80350
10083
389337
100506585
8717
285668
922
4603
89978
80183
26509
100873965
10026
3689
54796
2294
55783
646019
5096
57664
79590
125150
7538
387778
10196
646424
10763
2593
5154
6440
2729
11213
54360
10346
9214
57121
1111
9023
26996
259197
170954
5023
23604
164395
4939
10901
667
126526
574036
55916
1645
89777
55355
284366
54554
51296
399664
51266
3293
203562
4528
9950
51716
11161
5978
9789
5768
1230
100506544
9728
6810
1263
11009
400499
6347
53838
100505989
92421
6170
191
3581
387914
4521
100128098
9725
2342
727936
541472
317662
9650
686
339803
79887
4296
2209
1236
29914
120406
55214
388650
53840
939
285335
79156
100506526
10148
100505555
285753
1182
147685
5743
440087
1193
51650
10232
8736
57594
149775
29082
402573
114132
10495
63931
145270
23682
79602
9051
200185
23556
10112
5336
26239
57115
6783
100302401
83986
51131
7562
93589
51300
3620
27241
90853
25805
860
6367
5996
91351
222171
57458
4437
4087
3479
2054
2857
5555
313
116211
84852
5724
440356
115584
4638
83737
4938
50848
2919
51478
100506334
100505716
2995
388646
170622
374
6404
6372
10972
6006
79784
5191
115209
84640
390539
343169
84824
56131
6251
84298
100506963
8871
8692
100133612
26253
148413
3594
245802
100506649
3996
11200
319101
81488
9138
9618
91775
1870
57091
22936
6890
847
441282
7145
342035
8538
340277
2268
9510
497661
22915
1493
1287
653125
85437
152098
121355
64100
4613
2048
339965
4673
10913
10018
27128
1026
170482
22802
4007
94134
54491
2323
65124
144363
27284
285
58190
10964
100113393
6299
55013
64645
301
57001
84951
79415
2266
340206
768239
80256
23283
100507506
100131060
6599
6400
3663
55161
348751
51104
9961
116362
5698
123096
256987
100507392
222223
9021
54209
153684
94056
63027
10345
