5309
3170
6531
2019
5079
4025
399717
3169
80274
6570
8749
287015
133688
152573
7033
2625
4010
56203
339761
326340
280657
284788
9623
245972
7364
29943
9423
10647
84329
285577
51702
6571
563
327657
117579
29785
3158
4009
4825
157855
223075
54363
100507481
100506534
200504
3375
1644
127343
157310
171482
84701
6121
349149
57158
338596
439996
100506314
185
3630
9052
4113
100874137
4648
11030
50604
139067
5458
5104
147710
347735
100506154
2151
64102
339751
4923
100128750
100505878
100506035
6581
6345
127435
4490
26112
388407
363
57626
653489
3579
144360
494118
6274
7054
253738
27023
51776
387836
84569
126123
51327
100506272
5069
84677
5074
3048
54579
27147
146909
6425
6382
114902
3371
4498
3577
56169
253264
54988
10266
126353
2215
283422
9173
10878
2632
201780
245802
84690
26138
51285
763
64151
3812
84983
7263
30848
8736
9356
59272
10797
79785
6279
51378
3248
54796
10232
26508
2687
1553
255743
3047
79156
5327
80763
340206
100874185
123264
2766
1053
255488
922
12
100505834
100190938
4308
347475
414235
5308
2701
115350
4494
11238
90273
9723
5836
100507475
5972
4501
100506835
54869
3039
27286
285852
1286
387837
3811
1285
100287226
4635
1909
6283
85001
113026
541472
79630
126259
133
6886
23630
5021
759
51348
5613
414260
668
26664
375061
2741
56670
374872
53828
5979
100506301
1549
114897
644186
9341
100141515
4224
132430
5998
54097
100873962
820
10170
64693
25959
212
90933
2307
6559
64129
83716
168537
474344
6280
55026
8793
339669
947
100507377
440278
146894
54863
60495
136541
114132
115584
3075
163782
400236
1870
100128098
7424
158835
2867
282969
11199
115352
3045
2122
4163
254863
6909
7205
79962
119587
9457
167127
115861
94
129807
338
1373
644139
2696
391013
64321
66008
306
27151
414152
92196
8969
26275
2321
4814
100506526
7984
5396
1084
92369
54741
8547
84417
11185
9499
51268
29082
85437
222487
475
1003
5745
348932
284114
8424
51666
155038
2624
4317
2615
51213
170575
4242
136371
55350
647286
125206
100652739
8153
5724
492307
441295
283303
5129
7225
434
7048
5322
113675
723961
54852
3078
4604
100507267
2352
2834
10578
6094
6856
2326
51065
100507513
4071
9022
79742
84691
6538
9694
83483
100128675
7043
6510
79602
79191
2705
11226
9674
58488
79908
9060
5947
9429
23498
285668
8743
10877
10491
84817
3087
128178
116441
55612
1524
81793
23336
51300
50862
5653
5535
1142
79031
4148
3910
65125
64834
51705
7052
6536
53829
401312
210
80704
401089
64077
57121
79812
79625
6170
64123
642394
7923
5781
6414
117248
3791
7757
7258
116159
143503
340017
81575
27303
1380
79927
2791
8574
284415
60675
10265
417
132625
389206
4051
254295
26472
11342
7122
5648
51115
114036
3732
2059
342
859
3040
140
2078
79652
51228
9459
57124
10627
7450
4147
64073
2013
135250
595
8862
112487
871
2653
1160
2828
80177
3772
58472
90853
4255
3779
886
100506054
81282
54498
8637
11309
7412
85315
5196
401427
145226
56729
55340
26279
5696
4319
147166
9235
10507
3384
6468
3484
100507633
338773
442890
100507463
440097
55194
57458
79865
8542
272
123606
161514
56944
54443
50506
654816
342035
85450
196993
8871
161198
51703
93649
6282
90701
729359
1297
202374
441670
55247
81035
100289650
22998
22989
83707
140875
391712
115123
4057
84269
10493
3809
843
3459
63940
221476
100506178
23406
51125
5525
59352
4066
389337
4267
400961
9322
7145
671
1462
389376
391
221458
3672
115361
283335
1028
116173
1356
4303
130560
144811
3032
1593
51365
100507650
100505811
170371
9076
7851
29937
117283
8685
23604
55971
5023
55303
64093
11006
89790
10917
10732
3693
203328
100507511
23547
1306
8495
126119
367
619208
5480
80833
100287902
825
6013
3569
3270
118932
654817
79640
100505929
256949
343066
94031
5473
221395
10105
727982
10095
730102
3162
115677
420
643236
51411
960
3394
3987
2268
53637
8519
3597
51054
150280
7368
1990
2210
79626
1969
255877
3429
7124
54209
55301
5243
8908
347454
157313
3043
718
100289462
55568
153562
7957
754
54893
2634
9770
6402
158376
83539
2313
7044
392636
256236
27106
5446
10398
100506691
23632
30061
55507
3123
2296
81844
574036
100874021
55213
254128
4036
8436
8403
10577
3965
8546
8406
2256
7123
644997
80712
51480
6513
9333
4055
586
27284
338339
10475
721
338645
5698
131870
79152
54440
55274
55106
2712
4332
3042
11213
153572
51056
387590
443
57165
219995
440028
978
2819
200315
2203
597
387758
440446
1978
22899
51088
100431172
3707
100499405
153571
7040
54518
133383
27128
29119
8407
100506725
11027
7462
100288077
51330
84504
100861520
171558
389641
80896
91369
11024
257106
100131096
26136
116496
140876
2214
284835
339535
57571
9510
113278
730130
100507392
10261
4634
2022
51599
89853
58533
2633
79618
8788
3678
54360
7130
50854
7056
55858
79856
117854
8835
35
100131089
6037
1240
2289
3428
7133
5010
283635
3127
344
1962
59
126669
3566
3673
54538
100049587
9725
387066
11322
6452
254228
51751
150356
3799
100131816
25793
100131814
29923
2358
3
6404
653361
55803
6517
493901
2168
10365
4166
3959
60401
4616
1441
23446
7444
9516
3055
64180
3773
64092
23478
57804
3552
4939
85414
10112
2346
25780
124773
340205
6850
23371
8531
283688
4091
23052
90952
346171
912
55937
7940
3988
51024
713
2995
5228
27180
389766
241
10786
3592
100233209
3687
9507
197259
4318
10859
128853
8875
4257
115761
149563
84166
122622
114780
312
646282
91703
64591
100271702
128218
55075
116362
138009
6579
122060
94274
3113
4607
8544
10346
80008
8740
83982
79651
148170
5167
22919
9846
3635
122664
388282
27181
144348
100507195
30851
3688
51225
10090
5872
94121
402
3601
144448
7060
9976
387763
154442
2
124220
10226
9824
4940
387778
6242
51284
3570
7305
23432
1059
159195
79660
207063
50940
9056
10284
126364
89839
23541
11135
730013
9450
7805
2209
51537
105
10630
8820
89886
60484
353324
5552
54933
140609
8797
29775
3108
100506926
7132
26471
60489
286827
154
353514
1436
201799
4608
2219
169166
340596
340069
80005
712
3174
141
972
170679
79993
11149
79258
6688
170622
714
26509
10268
55314
4793
28957
55313
4881
6916
1133
4239
8673
7869
123920
2012
2857
85445
3293
147945
3669
6457
10148
4064
8638
2793
926
54558
7103
3430
2963
100287225
84735
2207
54625
8832
100505806
2124
4855
6036
1906
283420
11240
284759
7380
1230
7456
11009
139716
5913
5244
8809
10566
4288
2191
2760
643965
9768
56963
115004
1438
55365
29760
4752
134145
100505826
719
10163
80227
84290
1192
3397
441549
100507134
5350
4478
2635
10437
51660
3399
151011
401428
57698
11177
3790
27296
100507384
100128108
8692
26157
837
6474
100506546
94240
3249
79792
143903
834
100506492
23743
100507564
3606
951
2357
55248
407003
84868
26248
4669
5105
100505774
23683
85449
1270
84081
432369
9787
221472
4542
1903
1026
126393
10320
83641
3957
23533
28954
55388
54345
286467
3109
85363
857
4846
27233
149775
79890
51314
1265
63898
4629
56245
3122
8934
780
397
3690
79633
11155
85444
6001
199
144321
389827
3784
8645
22837
8291
64805
1796
133121
84617
3071
414332
3037
402573
80019
54467
8843
85012
196527
100130933
54
79875
2263
64114
400668
127255
118663
5794
100506334
253832
5046
100133985
1287
29015
596
728643
2000
11077
63895
255809
127428
55510
10161
6480
84674
79582
145858
4938
91452
2123
100506733
497661
114614
5638
6672
10581
57705
10404
145757
10083
3991
92292
23166
11173
51267
26253
92689
6512
3903
115727
348938
730005
8850
7538
64926
220416
54947
10319
4818
5742
8612
55281
27242
389033
3683
283897
57010
64081
1793
8801
6273
1073
2170
678
79899
672
51311
5420
27306
57493
170591
968
23303
7075
51071
51135
199675
1299
8099
10981
5334
5168
1234
83543
2172
666
10870
55165
1520
7276
100033435
963
9771
87769
5265
27071
3554
6235
54490
64231
100506115
57194
646019
5351
254268
79192
2272
2217
51375
5962
92421
11046
140686
3689
29899
133418
118788
7975
54149
574537
9021
6167
643332
64098
53832
51727
10241
9839
28959
10553
3166
9023
154141
404093
257019
54502
163223
10184
6563
151636
15
10791
10165
51214
5919
399814
644538
10863
1755
83596
3996
344148
81704
100288428
400221
5337
3306
51252
10333
23612
114793
58494
10561
55258
55808
3028
83998
3059
6948
7058
4973
100506753
1535
695
967
4099
401152
2335
55852
2919
11217
54436
10606
29956
83475
23258
643733
284293
54820
83697
3231
9075
91937
84941
79628
11117
6693
399694
58191
9448
11112
9214
114905
2275
729234
2533
112817
8676
64174
51316
201266
54941
118611
307
90861
10062
3920
8794
3977
6494
7096
147138
124460
8502
6518
1111
1102
154215
55286
706
23475
9813
1340
10750
344191
11118
6424
64215
6997
135932
140803
90187
51110
1298
4673
9111
29116
51097
302
358
4815
10871
64798
6781
6939
23150
6004
100506161
100505983
340654
84791
100509484
25932
80781
5366
2015
145497
55911
3764
131096
4688
219972
2329
5777
140458
4496
84913
100131060
4689
29950
196051
83938
554279
162073
838
117584
146862
1361
3431
745
130132
283219
3792
169611
388512
9437
100049716
29989
10403
10800
4340
8807
1992
942
933
9095
64135
22933
858
3694
11314
5151
2342
729658
27237
653
3487
284119
4336
83795
9096
27350
58478
84793
643008
3547
150372
55273
8632
83935
84263
6926
3684
100131378
339803
9938
84281
91607
9843
5358
3561
4831
64581
58504
26254
4176
9618
283755
100507391
2294
29948
3433
8530
6556
3895
114885
23682
113730
201305
6900
8763
115019
602
11326
9413
25994
150274
123041
5269
10826
80760
150165
140576
7018
100507250
10749
161176
2113
3128
2768
6747
4357
51176
22797
1806
1536
1307
150681
100128553
222698
50859
81493
23621
53840
2876
100129434
57580
3909
22918
9034
645432
2620
1896
220108
220382
283856
846
6767
7410
4256
9180
7525
28999
197370
51296
7100
60436
7867
864
219527
93349
246778
6039
92291
6845
4128
100128731
3176
64407
283999
389015
9444
57568
4065
4772
25893
6558
6744
3936
28513
112574
100170765
81025
3426
720
4499
8992
8549
375033
441161
4223
716
100130887
94015
27036
10008
22914
5551
7167
290
57722
11035
2992
55166
219855
930
64167
945
55840
170954
219285
6876
5409
2549
5359
10276
653739
23643
5450
90141
4007
573
8876
84658
9754
84779
79635
6363
2109
50808
1117
374393
3955
64422
56000
6758
80380
100506585
100130742
3576
23232
6522
1396
4547
56650
143
151234
5336
10693
8334
667
2643
1495
83666
3804
730091
2519
100129196
6387
11098
4286
64849
2153
728431
23433
1435
10964
7318
348751
9473
5216
113277
54510
1266
55619
220965
9628
4821
388714
23786
64115
51084
54913
84327
6150
81617
4643
5523
135458
10655
84433
28971
53827
51700
9051
6271
1464
4600
256227
1420
92241
25978
25915
50619
9349
6819
9047
10312
154467
8365
83930
6696
1137
100463486
26022
8477
1116
8970
100128327
10335
1794
4735
11257
1238
7076
6019
643680
56898
83700
5029
9452
8826
9801
9514
8725
285800
5465
388531
29997
51371
55914
9469
57477
8778
387882
3119
83706
9050
5031
4778
26030
2246
6284
6737
112495
660
9934
5788
724087
2350
143872
4638
9802
98
51131
84203
51258
3948
8973
10723
975
166929
2647
91351
4069
10541
9848
646
55959
9588
2065
80231
64108
7439
389
2050
400759
10993
5699
25805
3099
259197
497258
23034
1439
2690
57471
51665
55351
93010
79144
84057
83878
126326
100505746
158257
283254
55353
3111
3133
1378
4779
113189
5137
7367
79155
100133612
7157
64761
84288
1089
282809
323
8756
865
2323
7454
6450
9728
151790
2849
10110
221294
150000
3002
92960
1318
285195
28996
6156
399
80342
133482
138151
22808
154043
23558
1837
51226
8458
157273
84275
746
84668
1668
4261
873
1368
84689
340419
245937
55723
7351
3092
10351
353142
90316
23677
729970
79956
923
442117
4004
6188
3663
55332
285381
24139
92346
8418
89846
3481
84061
6884
58475
571
196883
7408
84467
7409
100507054
2861
10021
122618
4110
4599
223117
55647
2014
8625
341
6401
1902
8724
79789
84898
284992
65018
22794
7099
56302
3627
100507447
2070
9424
441282
84886
115207
167465
9966
254552
253714
84722
25802
123775
1509
147685
5305
8996
7184
169355
22802
10599
90121
51114
5083
5692
10085
1358
6237
58529
346528
25996
114908
64399
60490
10449
375387
2295
23176
5516
126075
2212
6599
9669
63874
4888
149934
56901
644019
494514
79974
86
7812
445328
362
6779
92162
64116
729040
100506385
1075
118429
6123
550112
2297
8942
6647
51704
58480
10257
440400
54873
29121
9650
51090
1997
79838
221749
9086
51255
1781
131920
1071
