26595
54714
50964
946
3827
79949
22891
150572
5055
54845
56165
1673
81569
412
1823
219790
164237
6867
57181
100874206
131118
23596
81494
118430
146779
11281
51121
2251
387357
400932
140893
644759
80219
148738
283316
344807
11249
128025
79650
4338
54602
55711
26872
154150
479
8814
57128
2042
255167
121456
340359
1122
5081
283078
6505
166752
5634
152024
85019
9033
8224
8581
6344
55081
56648
11163
196394
9177
146439
400084
8499
353189
79794
54865
2492
3704
284274
129293
4254
84539
25906
51022
3788
10562
1300
92856
415117
8821
90624
10799
1044
6098
64393
100874198
10124
221303
27133
57403
116437
203197
51725
9201
27067
150538
100506899
1830
92259
56990
345079
114884
100862680
174
7306
64940
100192379
25979
25928
346606
9399
100506840
28956
9398
58477
54965
59338
347694
286184
5205
80831
5295
401994
53346
25859
3000
5165
51154
83478
100288413
64928
342666
63967
255926
154907
195814
100289656
162466
6999
5602
284422
58495
10471
387263
5527
100506791
144402
142940
151449
80323
50807
219
3172
341392
8995
387775
83861
113622
79656
3857
79719
9648
3356
3671
100128554
100129518
59350
729920
283310
6445
1678
6407
144165
57616
54968
139341
3914
4751
57565
357
2938
51102
57369
5746
2274
79161
727857
100287628
114571
401067
121793
51298
51701
100505877
84830
6096
146223
3838
9462
196541
29075
6792
23314
342184
4745
9863
54557
90523
50640
3852
284348
441046
644168
27072
89885
7472
51301
201140
255330
5149
92235
8459
3283
11259
374918
115286
3026
147841
134510
1592
9472
8564
140691
1803
26287
2880
7139
348738
5544
375449
366
83445
100303755
79977
6921
285154
344901
84699
25886
119467
118471
114800
113130
26033
339976
27012
2915
56243
149111
55554
440574
285601
3787
1848
26519
401478
3612
728084
5053
9312
127069
152579
55856
3778
84981
55908
2994
990
51003
94160
152940
131450
54585
155006
121273
3485
10752
5796
7336
91978
10394
2230
1747
65008
203430
27010
100507439
57495
11010
5176
84222
5686
10279
84233
3680
1131
148709
55168
10602
84871
205327
100130274
56955
145581
63923
80059
27199
6546
4856
8989
23569
729420
23236
3082
8808
90874
399829
51676
653308
389812
285780
23180
133491
3888
3872
389792
167359
146183
613212
55231
7068
340286
81706
389668
7071
375444
92370
117157
63939
1556
162605
3890
100506527
4696
80034
83695
84083
80145
7798
170961
4645
11187
26032
54942
10686
2993
285696
84967
114798
433
4208
2181
84708
80111
121256
266722
64284
79814
338699
729467
1063
11122
729305
222546
284486
340419
55655
23316
112942
6276
79147
8727
150465
147381
23568
100506465
10920
26578
29985
285150
10716
6990
84277
100131551
168391
7140
151354
4233
2114
6183
83787
29070
51103
10803
221391
119710
6775
2776
2157
3321
27283
11317
338557
389023
57628
339804
285126
161514
3460
4843
8988
5899
64241
399947
378884
29088
439990
27289
29089
150147
5738
9743
286753
100507437
10656
400867
55363
340562
83417
54742
9156
63941
440895
2918
440799
338811
1290
51651
3273
2044
23266
7738
81889
642345
1395
2016
5172
89866
5577
347404
731220
51529
10651
51397
2675
120892
26031
1958
983
10969
53942
3745
4698
4430
197
3595
79135
26047
79931
80206
132332
91461
139221
81570
57552
8492
1991
57129
833
6304
1414
9760
932
5641
65260
114804
4976
6323
57159
55118
80114
844
57670
5144
26355
64146
894
126792
91948
5002
387923
400997
132112
28969
55635
64478
1807
392360
5122
3354
253868
100507222
57528
9874
64240
259217
64960
26609
23432
100505768
9758
26343
286114
253152
1652
635
145873
25827
440894
2118
729991
57504
253559
1000
389421
5203
91942
338599
9693
26010
100505876
51250
9058
128239
55101
6392
55742
8997
57496
10533
137902
78990
54704
659
285148
7762
10360
8428
1149
57182
340017
5911
23024
64839
10877
64084
2847
113802
124739
84315
693206
2837
55831
10440
83699
55246
28955
400456
3350
56950
1946
51778
2135
56267
100132891
9956
51218
56993
84937
9409
4353
27006
63943
8976
81617
148022
2257
7294
83851
7325
3046
4580
3305
131669
24
128308
348761
10631
2021
23530
440757
5820
55630
144501
55030
79094
55040
54584
8792
59285
388272
254170
23101
133015
84954
157567
5657
55966
203859
9474
59084
5961
5273
50810
343450
30811
9232
100506013
90355
26995
114134
4985
84159
645369
5795
100507651
84066
219578
145773
84684
401097
127733
10923
51768
100129515
28512
29100
26290
79016
8707
400
136227
8001
100506643
7062
51537
100151684
79820
1849
84303
100505588
2892
1621
5357
100874197
100506012
51204
54212
653190
9577
441212
10474
23507
613038
85025
123803
157
117581
84316
51179
54627
26127
11131
3747
348093
128488
407006
1012
139741
128989
60673
5067
286002
2355
121268
100130519
80790
402117
51368
29078
83660
572
2108
9896
51087
51649
122970
1769
2888
400553
23768
29761
758
26115
2917
84984
4711
131474
22911
388152
6742
22854
56994
55359
79979
5521
100506714
8887
348980
1948
51491
24145
54622
26750
59277
60682
3269
6009
84262
65985
8553
135154
9079
645700
51626
729966
7434
2743
84896
222662
27304
6419
10048
92255
4142
256691
5099
344787
51678
8576
84944
56479
125488
407738
55847
26278
653140
84100
445577
2191
283643
51388
57119
90627
5126
5824
389384
145483
55173
4168
151195
51458
1010
1346
6691
6820
79017
147
55342
242
100505828
54432
100287896
256297
23760
9935
57583
84280
8382
7443
64388
1844
56961
5288
219541
256394
7781
100130111
57132
200734
55752
51256
123775
1135
349667
199675
5774
7780
79705
57451
399827
5784
79712
151507
345757
162998
388650
6992
57213
8735
23072
404037
10718
2125
1303
676
163126
131034
25843
3489
10874
108
1543
64968
337876
196383
9917
55915
400451
55924
80816
5087
441094
10053
402381
80313
128
51382
5317
145226
55737
79158
127703
57568
23179
881
55733
6247
9628
57600
256536
56133
11142
4115
6728
79896
80124
9840
5500
6120
56915
158038
147463
64897
4830
162494
84134
51527
5071
2769
80777
9482
81553
63933
29074
2709
2815
387804
283209
440738
26059
284254
131375
51573
5780
5874
9228
55312
26256
830
10739
10244
552900
2253
7262
340357
9340
23583
84435
2849
4234
284716
10005
341346
79465
171568
79884
100506457
222553
83988
27351
9172
8543
554235
374659
30818
81892
389634
257194
100506453
57103
10884
100506532
81037
29887
29922
51248
8785
84140
140689
1950
100506119
7291
204962
1947
570
3149
51655
23335
7355
10447
136319
27166
54187
58524
4719
53339
22927
5690
25849
51278
128826
728215
283159
56978
9637
6547
9951
51454
54944
91584
4685
81491
51559
388962
2556
10907
51172
26521
255022
1996
8270
26998
58527
642968
29081
7170
51108
641371
9493
286336
2912
29951
56938
100506057
151760
219771
147179
643401
58157
51699
9653
100506668
8766
387694
83643
5368
125988
60558
10007
28985
94026
200407
2354
64979
327
51062
51566
255631
1740
51246
8000
134147
95681
2134
100526739
5550
80757
56097
91298
400955
282980
4189
100506325
84279
7288
404770
79623
81929
79096
90187
27068
51232
2590
400046
171177
100874377
157556
25941
137970
685
55111
80031
8030
139322
349565
286205
79815
85359
6676
51714
55973
146760
123036
781
23508
51550
100505519
10479
285761
11154
84456
5718
2119
55691
91057
10808
728591
5504
56300
54843
403150
6578
55008
7704
6770
54931
25775
27349
100507156
5924
7386
100287428
3398
162517
55967
347517
140456
4739
57469
255275
10927
10134
11261
387597
9275
55353
127281
7453
261726
65249
23671
142679
6821
55799
56776
25953
11217
65263
255758
55670
2629
100506343
100874095
11182
166379
23223
84808
342850
100506393
27230
79142
6386
8817
85409
57149
91368
9425
79698
7108
348840
132954
63875
90637
26034
118427
64147
144699
51449
25803
79064
10294
1235
280636
10975
2909
23074
55423
57210
23171
139596
151258
80119
9552
2731
10269
25819
2060
25769
471
11179
63917
8036
2730
65018
1993
81621
128240
166336
221833
8496
79668
79669
3131
116028
10438
57689
64090
158724
151658
25847
283358
3927
5792
55827
57497
5245
80339
80212
8823
267
130813
5264
5218
23029
8050
347731
222008
91663
148423
4878
84284
100288570
140432
23504
2977
2647
64343
445
54967
64792
6884
400591
2983
642273
5101
4883
139231
56945
83849
57707
79007
6733
84312
1756
55759
7042
8322
2845
51126
400120
79763
253314
387849
11219
400935
11081
29888
1129
7476
221416
4695
84894
51258
3850
1821
80178
84916
27248
26973
9891
168620
23584
134
23151
10671
54763
11095
129025
399697
11086
55161
114781
219990
23639
29780
148198
100507498
6934
9352
57526
399668
5988
100505685
100505498
9319
158293
9456
57795
653437
115827
6376
79412
5493
57491
727982
51373
129804
9167
705
282991
84299
284661
55502
90480
51292
4738
200373
114795
51696
100505679
11222
57226
90102
5877
7432
27102
57559
25874
566
390066
132946
51506
23788
5889
51406
22853
80115
23430
92106
9242
51290
22930
63876
84313
116443
100130155
4861
2255
374470
2903
55137
53358
10965
51023
780776
1033
5100
5593
84873
81849
8529
389941
9208
116843
26094
392232
70
114815
55588
28974
8622
29028
1349
64208
359710
9394
5868
6778
414201
54205
26267
8193
57648
29099
114990
11113
2155
29844
116
440040
57037
25833
165679
352887
55157
199720
79035
63974
23426
8945
100873939
60496
460
140707
127943
11130
10570
59283
261729
1215
25818
56888
55297
10152
440482
1774
1353
389658
441027
8266
57407
51318
57486
9615
79442
164118
56892
100287114
25880
55105
55146
2870
54948
64420
285533
5999
343263
64743
3764
2043
154790
9353
84310
100505783
64130
9821
100506564
5063
114987
56899
51313
10569
377
10069
23026
6723
4352
23676
151194
57576
152302
54682
6954
55699
4097
27042
2926
283130
57097
81614
23349
379
100505697
51020
317649
493
143162
23237
10073
8328
51499
9920
286077
5440
81832
25758
51279
399726
84154
7172
284521
79740
6309
653784
10166
1007
54797
10242
1496
85352
84918
1404
197257
374920
146664
4033
6715
81533
79033
388341
29802
114801
8562
644
10055
284656
5578
256281
80333
400566
81873
84144
283576
116832
118812
54662
79568
84516
23594
26045
23541
23173
23285
4659
84897
57282
148753
56255
9486
81794
3786
755
2539
9215
130574
10159
1871
79020
50484
83546
10197
10787
1944
80772
54996
388135
249
1413
9915
1534
38
3052
8535
84620
1805
257068
5195
51719
1635
342977
64769
53335
23566
55289
1960
6645
126282
8678
643988
284802
343990
51067
8672
84448
4528
51362
91
79803
127933
10891
643529
10056
10331
54958
64400
9371
54927
1459
7334
729475
65996
25797
92806
8745
23284
2747
64816
55850
2996
92104
10584
55109
100874086
55222
55922
1612
9530
7293
27430
87
6906
79658
29789
51162
1412
2567
4709
692099
136853
387890
6092
8818
50
2566
146
84247
200008
7884
64802
163404
23518
55654
112939
83636
80144
10490
79057
54620
9262
23046
170685
9127
285441
221692
54014
84839
200810
2120
6660
56180
63905
81552
79611
9229
5581
23105
373156
6526
401474
7779
4232
10352
29982
1392
5096
23217
4885
25804
730098
54969
1816
146177
100133123
83544
116255
22941
2562
4726
128864
10093
255252
651746
389072
79590
9107
4606
4111
11212
9175
84340
22949
52
133686
93082
10213
654320
9317
147906
375790
100652782
896
153
51138
126567
9443
729815
51264
22920
4135
58158
4744
284252
643160
10947
146923
79837
113157
100506937
25945
10109
10204
6782
55322
729911
9607
9142
51393
221424
81565
9185
4741
399473
23229
8867
54103
9556
10687
84681
160622
200879
9378
1174
81619
126299
84525
100506827
22898
5162
6751
6416
220115
8310
112703
4702
55968
10071
79622
1952
3163
51021
54512
55074
84251
401134
51063
11033
5078
3705
10614
10555
23600
49854
375318
515
56475
79639
1845
2267
5314
7915
221662
3839
9734
5799
4008
348825
4201
64756
55794
51213
4712
50650
83877
100874282
27111
2271
127700
129685
65055
65990
57718
1581
57415
4145
54878
201501
157697
80273
80020
390637
29989
55800
782
339344
80823
29767
284076
3308
5791
3708
26154
5957
51728
56344
56005
9442
23221
56126
79414
23007
4987
2937
728586
6903
6324
637
81689
653689
401190
8419
23395
152789
5744
100190949
10099
260293
201283
256586
100631383
149954
118426
256130
55653
57125
440465
115098
55004
130576
171024
6482
339822
164127
23324
24147
11250
124045
7084
83953
55754
144481
23552
8869
1491
80776
89891
84769
4858
114789
7163
1317
143384
5441
528
81848
1175
9244
166614
56130
93986
729515
29944
6875
2170
55294
1869
10634
1264
100131378
8704
25903
3419
516
155
56160
116093
8739
1641
146849
25940
3157
92293
153527
55287
201229
22986
311
54331
729993
51582
192111
4942
7320
23300
400765
283385
4591
146167
9749
5702
84536
100507582
29967
8907
388289
389206
373
3274
55559
59349
50813
6988
324
5223
79109
4810
65084
140823
79685
84246
28989
9955
