1446
121599
337882
100506650
54576
3884
171484
347487
449520
90316
386682
54600
219990
728588
100506937
170062
84694
647288
387890
147409
158131
389383
26476
51384
83902
8840
6906
140453
4103
126638
353333
51480
79838
389658
128239
100507199
2165
100506790
344901
100506004
138474
146849
8735
117157
166655
3046
221416
83661
201140
6588
54579
389124
147372
932
9340
54659
2069
283422
100009613
404770
100507439
169355
81285
339291
257000
6290
54490
126204
284254
1667
140456
100506643
401478
359710
56891
113157
340204
84066
400620
348303
83417
10117
80339
10246
221833
8419
442247
1063
56955
647060
3872
149954
158724
81851
284415
677779
392232
161931
392360
653437
642345
11249
115701
10518
5744
4606
89885
646799
100507651
54575
56994
23626
83401
282980
219348
5172
7432
29850
1404
728084
284688
6677
2994
1816
100507477
23624
8988
100506652
11081
5650
84560
2981
116093
375318
25818
1592
100874377
100507652
26539
7225
57642
3850
5078
494118
30010
2925
3229
10242
6920
130497
2267
3363
58530
360203
80831
729447
1557
9956
129025
4645
440738
286002
339
147
256394
983
116443
401137
100506457
2220
389151
220115
100133171
84808
131375
9262
3269
220164
1012
54843
441525
337970
130574
286023
23026
100132891
92235
3082
284998
83648
4494
286178
100130111
25928
6530
83849
6101
758
138240
553158
100288570
6660
4208
84536
132332
4856
3958
100505685
5545
285601
51481
338322
285780
51087
5024
100874194
8328
100506696
133686
1734
642968
108
3890
4892
387357
148753
57088
5995
51744
5368
440799
399668
26468
8543
340357
400456
9319
389763
3747
155051
158809
55742
100505588
390003
5527
2731
442038
5075
4210
285441
63904
10661
85409
4254
85352
50
51676
59350
283731
100505799
53942
57718
8739
100151684
57733
4878
84830
7477
59067
65263
3595
374470
4312
147381
5874
3857
100506527
10716
53358
151760
9626
10160
100130519
55630
349667
284661
63923
344807
342931
3381
51458
57369
84525
23784
25859
348840
100507484
100507222
4314
139067
116238
64759
7143
894
126567
693206
149934
8704
572
399726
27302
83445
79814
8707
221074
55289
100505532
51760
83643
1392
400553
136
26251
129080
1745
119467
26154
222553
127281
200810
11033
151325
2556
286133
3755
400120
256369
4496
388946
148066
197257
51232
56265
9317
8564
402381
11219
100874197
338811
23566
100862679
100287114
84837
64131
3172
9955
337966
440574
56104
219578
9242
84894
5013
222662
55079
2922
7068
116843
23101
11163
6276
199899
643803
27253
196383
84620
54331
114804
100874021
64084
201229
2016
729467
342977
10360
146223
6999
3787
100506012
1543
162605
387715
154907
6751
399473
440699
4883
114800
225689
881
1131
56112
170626
9760
4861
199720
388121
324
29844
148
5999
9840
238
967
6523
4102
9071
100507524
2134
5544
9858
641371
57057
1746
4617
53630
58525
3398
27132
56243
81624
653784
2847
445
79363
3778
285150
84303
344558
145773
387694
503519
2996
285877
53940
130576
170302
7781
63974
29989
2119
392255
654463
5593
56300
10874
79016
27198
80777
100874047
5820
646486
23349
2888
7780
147906
80206
148581
117195
9615
10923
117581
4060
93661
284751
90050
100506057
646892
2066
375057
54798
389941
3780
8516
84063
157
200407
3356
57528
7010
283592
6406
57648
844
27289
440117
23204
388722
64283
388714
100874253
10720
10124
81848
8997
55553
7042
7138
3237
389023
10474
23314
23046
166012
132160
57182
9821
11142
643401
388152
2906
57405
219557
283209
83988
23024
5595
55022
407738
54492
8326
222545
1512
64221
134147
54622
57491
56917
51559
566
337976
100505540
1290
11122
136853
4715
30818
10656
56548
7410
123803
170961
7139
1393
130589
100506532
400997
643529
7867
26031
1496
57526
280657
255167
399827
196410
100505498
129293
266722
140576
1551
100128554
1822
121273
2675
2987
100862680
283316
26033
5899
57381
84954
9271
56655
249
2897
1947
100507633
255626
54602
167681
79931
4751
83935
51655
168391
146433
389634
150538
79611
2149
128
8325
256281
29887
654320
3049
83871
10562
10718
55532
116437
642273
340017
124739
6542
23504
100507401
64388
79047
85359
84628
1948
26290
2918
79762
114794
401097
4803
348738
375449
80700
5063
27067
11346
9156
9079
143282
644596
25854
116138
27006
2253
128025
25924
391723
1137
56950
347127
27012
885
374875
5803
2849
55089
1621
5578
56938
51529
91461
9478
8821
2909
9068
64344
81620
10134
57514
157556
23007
8507
2993
26872
64218
78990
2173
92856
10752
100289473
154790
348093
164127
10687
8013
3984
50604
163404
3651
286077
79656
57181
154822
152940
9472
440925
5275
441094
1113
57495
23207
1258
56892
25834
7392
121256
50509
149111
146779
1740
57628
5053
57795
27089
256536
5099
121793
10126
440400
5125
5535
219771
50944
54845
1735
23359
27230
338557
222962
10675
143872
84203
90993
100128511
284111
613212
54762
81553
80059
5317
22808
3887
100506271
4018
51678
55845
285370
4145
2900
9971
57462
58189
27283
152024
114801
1122
5067
29991
5764
55107
5799
9040
9398
1848
63933
8622
7167
140689
90827
1007
3423
79650
374739
2157
57469
527
64499
6009
59345
8808
10633
26059
11187
253573
91522
114795
3786
165215
284434
100131390
57504
140767
4831
84435
51207
5957
114134
5270
50649
390
51246
2044
347365
353189
9951
5100
2168
388585
100188893
54944
2558
56034
24147
1826
1174
114798
94097
84539
128434
131034
56978
10368
2208
375612
401994
168620
387923
2692
392617
10882
10979
6304
445577
10060
26521
196374
388341
9750
27122
23553
1950
100507498
386677
7425
3350
9244
140467
6862
4329
136227
286223
2051
55800
5156
3149
83546
25759
54958
388815
54662
6844
100506453
84310
4685
55790
4983
56344
9355
9915
51154
338661
27177
8270
387597
9935
57611
114781
142679
91582
389206
56659
50810
55765
6344
94033
575
388135
100192379
154064
192286
2170
56970
40
81832
4097
343066
23316
137872
79442
6866
2907
55554
643988
6256
79038
100507114
117153
5738
64735
79794
80212
64743
203197
345079
80111
8742
166752
440482
57030
9922
5621
4698
165257
6307
387509
58495
342667
8556
126637
55752
5692
7360
51022
5138
6565
79977
818
56990
90523
343450
23558
552
100129464
166614
2199
283385
7915
23530
253868
8193
1960
9296
398
148709
114571
1000
56475
151531
64792
127069
200734
441046
4862
1757
3761
83851
400765
204962
389384
1641
197
643311
55924
150147
29
116
646329
115098
6092
114824
4897
203859
59277
6529
146183
54557
8001
9609
57115
10686
100190949
100505695
84818
79180
402117
10998
84706
148231
84446
728358
64393
6691
59283
2257
8829
5780
10591
57172
55615
2915
51560
8995
386679
4716
645166
79412
3888
29106
6247
728978
1303
100505828
9228
2555
10273
79622
10654
22941
1993
51248
399947
8785
8514
80790
8989
644669
1538
10046
2290
146664
166647
219736
2295
5579
10188
5314
146760
100506013
6804
128866
541471
23559
340419
127495
4885
255330
5455
221687
26472
91057
339766
2018
100506206
55901
83879
57026
200879
37
79095
79948
54967
256130
1140
29767
196394
140462
54620
100288801
374918
6585
4745
9312
441027
57670
100498859
29951
9741
25920
554235
136319
2912
81494
80034
1173
6482
83259
100505679
100506994
80816
53919
23266
64067
100131187
6505
127933
4059
81031
131118
390066
26038
406984
142940
7087
1463
55294
100506125
100507376
155185
51725
389073
11069
9524
116988
7473
118812
55643
25999
64284
84439
22861
64240
2118
2258
84222
81794
27069
23426
79033
2783
113452
57451
441374
10361
50861
440465
84643
25803
3706
25791
9399
1774
84966
377
25906
22873
55559
389602
79623
221981
79007
5702
10900
166336
8938
83478
80097
4810
341346
28956
23531
91851
339674
613038
3578
414149
55959
53335
442117
2305
4915
30820
3238
84871
10589
55816
5602
81606
100506368
23648
9783
23467
133491
33
59284
1892
55884
440823
1996
3241
55885
2845
146177
8525
6723
3904
887
51301
63941
391365
7555
10783
1603
6096
29796
84239
30845
648791
55286
8459
147495
5122
57497
3754
347694
122970
4702
1917
10804
9749
9215
55084
5911
5176
202151
923
94233
386672
54985
100874198
66004
1046
55521
167
10461
285696
440097
114987
5575
83655
192683
53353
80148
22883
51299
3131
84766
56479
54550
100287366
8566
815
9755
57496
25975
65985
338785
4681
84561
4697
2892
5273
7480
283310
2782
222008
91156
57576
221935
8428
55859
4142
100505753
23657
139562
1413
10634
547
124446
9324
6547
65990
10486
646324
1340
66000
57565
23237
9201
1855
344905
55635
80133
91584
163175
144165
7009
100133123
156
114026
83605
283431
7101
5827
11085
79971
513
116349
326
57533
90874
284612
55190
7280
10457
11343
217
170685
81563
54776
23507
4199
79143
94026
4338
84293
440894
9890
7388
506
100507437
340094
1128
158293
145581
6717
100506791
57210
5203
55450
5950
140885
144402
53826
115286
4761
84708
114786
9076
4923
4495
374387
375607
339529
1235
144568
8314
139741
30000
9914
4982
5580
283358
9142
27324
10567
23109
64241
286184
286114
2947
23466
171177
4326
28964
5127
441151
1038
4294
5625
64109
729966
54996
55966
23787
7447
2776
9653
2571
221613
729767
121268
54733
6792
5577
554226
147463
121456
4985
8000
115827
117154
729993
121551
10439
2870
148014
10247
4696
115557
57007
357
58527
138009
81849
150678
79057
9256
79017
7071
81926
2596
81706
4852
5396
220202
3312
1397
645369
9758
22870
2899
5126
5524
1844
100506840
79085
219
148252
2983
100507098
9568
171568
4714
2139
54472
284207
50640
79734
9289
4160
89932
1350
338707
8492
55964
4884
27111
2769
196477
23508
29944
100507403
1807
221491
1123
23286
54549
4499
10935
139728
94160
5064
5834
1032
10965
100286922
6623
22844
317754
120892
1107
56654
91978
1002
26084
57105
254778
4713
728215
5274
5002
9037
1611
139221
1272
29091
5296
23596
1043
5217
83719
10522
441461
3283
653190
150726
23416
84312
128414
10602
79158
56776
79668
1390
1949
10810
6921
64975
460
51218
1269
50801
114815
90865
283576
9536
57568
3764
1415
27239
57863
3927
4201
3157
4909
205327
58157
8814
2664
10409
10014
55785
339442
84144
401039
6509
340359
57414
83855
54539
152189
23768
30811
1464
440895
79589
493
125988
100302652
8534
100130849
727857
2779
107
9145
155
65217
114796
400745
51162
57616
84277
22895
6611
5144
1544
339789
10447
57689
84233
11166
2746
25891
100505697
63976
147841
134121
23542
54704
27075
4440
6990
5792
51701
148113
57595
100287428
9699
23646
342184
25849
23217
441670
155006
219995
10815
2879
389812
6407
116832
3827
3788
55999
11281
1946
6721
54510
84937
192668
253582
80323
1556
10920
54865
9547
9229
8659
26231
284802
9353
5360
23151
79751
5912
55711
404550
57699
23430
23108
1871
1491
100505724
79012
112495
140465
29114
494197
11197
2747
26355
151354
83637
782
23544
7170
376267
221662
387733
221424
25804
150677
26232
5824
100130274
53346
25945
83394
57159
2821
56904
6620
5549
5733
170572
127262
29952
64061
51310
100128731
658
343990
283643
51371
84981
1635
51440
51778
80115
7374
10472
55588
1501
23541
5600
440503
337876
9177
340578
6954
54461
57574
5052
23432
207107
51108
221303
92370
2628
339807
125144
53615
55616
64838
93145
221692
9743
388662
283598
89866
9892
100506119
90624
65018
158248
8444
54753
114990
23201
4487
1830
51257
140730
5865
23475
146439
64478
6657
808
1429
56924
25775
84315
137970
100289178
64839
2560
158511
10907
245973
2876
7159
7857
257407
348980
1581
122665
149647
3909
7067
23650
23518
79135
6709
576
55359
170691
7476
400867
2739
5300
6017
534
54212
22921
84699
1727
127703
653308
3671
6727
375790
822
6263
284546
7916
51102
22839
3489
9764
7533
23492
26007
55915
11007
6604
6376
10476
90135
25830
10555
539
170850
150572
2319
54437
6538
8909
4325
5784
100506068
83636
100129515
85019
2917
6854
5071
27087
7762
6662
55013
85300
1135
400084
55908
112755
5295
9066
286436
25911
50807
9751
2026
146227
7423
85358
9874
51280
84627
51196
64847
2949
10408
55897
253152
51134
60681
27133
23396
4115
80727
9905
11075
9456
255631
440073
3418
6616
112942
3280
11315
56666
80020
27146
51258
4185
18
4986
8128
51079
8721
342865
8553
100151643
84075
558
6520
4088
223
57586
9143
5592
9672
196415
6712
23180
154796
100507156
53342
440757
6770
51286
6861
8851
27156
9026
64968
2152
56262
7037
51213
5657
81035
10267
26289
283638
123036
6853
10769
54205
8541
83982
139425
23221
80326
51335
10962
1455
26297
55670
245936
51308
112939
5582
728591
29965
10376
4948
27333
2274
340562
259236
1421
3190
10071
8839
146
386676
727800
25833
2161
27344
5055
1759
3745
100885782
5475
3556
26017
90990
55653
10413
23395
53822
23564
55312
6160
78997
5786
200008
28984
57149
653786
4062
54577
253314
57524
80023
2737
6173
1742
651746
285375
56271
152078
5141
334
57834
8448
2695
4232
10501
8437
84833
8106
3797
284656
3251
84691
9148
84944
440556
