100289087
728224
83900
54578
83901
1511
654463
83867
83895
127124
222545
342850
439916
100506769
11131
100132386
81871
286514
6701
2843
338809
643596
649133
144501
54716
286135
401562
84616
339976
140870
137362
24
222546
116511
10272
4352
100652759
286753
399827
85290
3891
51298
51179
128826
3026
286114
337880
80332
285126
55363
9376
285154
91074
100505724
85280
399829
10803
85289
30846
6899
81850
4624
83896
90019
100132476
2837
23569
100009613
6098
283299
203430
284034
131669
81851
7294
27302
1748
729966
387775
1825
92552
100874195
386683
3273
3283
23584
100874203
1953
100506013
8529
403150
94234
126767
641364
128864
100133123
375791
401067
3934
341392
142680
100286922
151449
55908
166979
389812
85291
100861520
80111
3848
140893
7780
4843
100507652
100288570
1300
1674
283310
56979
388818
100130274
375318
9955
5317
440757
100131551
55231
202333
6527
400932
8581
11317
154150
348738
89866
392
84315
83655
113622
100506216
11219
1044
64284
729305
440482
9033
148022
1991
6406
58495
9177
728358
100506791
7140
1849
27283
23316
57159
57616
100289017
51806
1556
100506840
55559
51725
353145
197
3787
4059
729767
284274
150147
91461
342666
155
90523
148738
338322
100192379
392232
84981
1621
5792
170961
51676
94160
114879
25886
284422
389015
64221
347694
56300
8764
25833
400084
375033
118471
51701
85293
1947
653190
653437
6578
11187
63941
80263
80757
57491
81794
85366
1303
3852
4353
91948
147841
57194
283358
253868
345079
643401
51063
6495
100862680
84839
3888
7434
1264
90102
79820
284348
7139
114571
100506527
78990
79132
286184
340359
729627
100128554
442038
113130
11156
150538
79147
137902
26765
5553
167
116835
643365
644041
64241
10570
27006
155006
2114
114804
1395
2242
388698
148753
4633
8989
2880
440895
84539
54757
731220
374918
100874206
79705
54587
256394
4878
100127888
116437
10474
8492
441670
84808
727857
55289
1158
84830
129293
124739
162466
140258
166752
136227
116113
9754
23624
145864
414301
100289656
3671
255631
72
196415
3485
161514
169355
80178
56063
3788
81569
2274
5657
100130519
55040
164237
127069
9398
93432
6775
9462
2355
199834
79977
286133
7798
146177
8564
6540
1543
3914
128989
2118
441046
400997
167465
3164
84818
132112
100289462
199720
100874198
203197
8459
5081
25859
100507403
23581
375790
644168
169611
1668
3849
100506271
4985
259217
54739
84222
196883
55630
79412
338557
3172
284076
100506926
22899
572
23024
23101
1135
286023
100506393
146439
57642
128025
79658
26872
163778
57565
284254
79778
152273
1290
990
402381
51172
710
7075
81494
57670
23151
338324
5149
100874090
6344
1669
285150
257
6676
22898
130497
7291
80114
84066
55423
91179
147381
100507389
8814
8817
51087
64478
57572
566
400553
8224
340562
810
256297
5988
401994
290
132332
388152
55287
5961
1823
2134
353189
81872
154907
400867
5159
2912
199675
9493
2016
79656
8322
80381
9628
6778
9312
7472
200008
11122
653499
433
353141
80816
84643
23247
93661
286336
27289
1084
4846
5053
4208
4487
55101
80206
7293
100506489
158131
389023
404037
90187
79096
100506532
153579
283130
219790
85409
1122
51778
79949
3857
1119
121793
166614
57119
64816
407006
387694
415117
348932
353140
54437
2675
256949
9399
3680
5745
79414
26153
6476
8756
100506827
319101
114884
84639
3284
4233
57648
23596
2539
653240
100170765
145581
2953
127534
2057
2206
4854
100129271
439990
284656
8727
92235
9577
9156
3350
400935
7108
327
152940
90381
10816
417
7738
349667
23180
285780
11281
90355
51102
64600
55095
25803
285601
10634
152024
150094
10533
201501
353137
51458
3321
25865
100507513
5047
1952
100506765
195814
100507401
249
5784
23266
168391
123041
5602
284661
266629
4632
54538
4014
57469
8576
70
2305
5774
26525
55924
127733
114990
8997
1131
55201
64772
85441
5314
1762
2253
57125
65985
11054
84954
30818
357
4892
27133
83849
10716
613212
5176
83648
642968
57504
100505768
64759
146223
23331
84435
51301
58157
151258
83660
55635
57451
147
57533
64146
168620
286077
28231
339906
83988
27063
139105
8310
25987
479
3890
65263
758
5957
728040
146849
26267
340990
63923
94026
54584
127703
59350
1774
11086
114796
9840
197257
26154
51506
164118
8553
83643
57139
285759
338661
389792
6445
89885
162517
26033
55691
7071
26343
23382
121456
144165
9409
728441
2624
26094
79465
146760
342184
54143
23541
64743
64344
50964
645369
399947
30811
747
80772
26287
58525
4858
6256
344807
56961
26290
158724
946
6913
285696
9956
375449
2630
23046
5420
4058
4151
3398
844
3778
100652749
366
81285
2847
7781
54662
9394
613038
23324
10761
147111
5002
23217
6821
348825
348761
399473
3827
8710
84871
84666
6276
65018
79007
388135
3487
10631
11113
9743
91978
29985
8988
284998
3082
440799
4210
84894
64900
23314
3745
22844
389634
84812
440894
7068
387923
100506057
51337
29888
1747
81619
1844
5295
100129515
10908
23530
11095
83899
84134
8543
127281
282980
89777
8792
114781
3909
6723
23768
10124
149478
6423
5172
100874377
6096
80119
121273
154822
54777
63876
79033
219557
407738
162494
27012
9951
54843
11182
23432
1821
23395
100874197
131920
11142
6542
5746
63967
118430
389384
8808
80115
28955
4987
374860
5820
57795
55359
5493
4635
29070
58158
121268
10365
5899
57128
9915
4745
2492
54825
283316
27159
80059
146779
3356
23566
9127
57210
85359
5361
56243
79016
9228
221416
23288
6580
100505588
219578
100128927
57495
55008
55966
81621
221424
89796
2888
100874194
3000
55654
2870
56978
160622
51655
83884
100505591
7349
126567
25827
4741
170689
440040
643988
755
9687
81706
9609
7306
167359
728084
1409
83878
57706
401478
10099
8266
29775
3595
10821
4318
284486
8785
4335
100506453
115286
79026
26115
8000
1149
2994
92856
9314
23784
221391
79740
100130155
222487
1757
53358
120892
54845
7273
6331
4861
6988
404552
94027
146664
2295
5971
84878
100288413
1292
122651
84226
150368
196541
4135
3963
3636
412
1803
55222
83942
480
3872
137872
10739
5371
729956
54760
373156
635
166012
2892
5339
80323
242
80831
9486
22927
254122
9244
100130111
55808
145483
5824
57497
23430
3489
23349
6009
341640
55168
54944
131375
286204
5205
1384
32
8193
55655
10039
55315
54865
6407
93082
5995
64897
55733
158038
79098
55999
7484
729815
1805
340419
196383
9172
6992
5293
100507608
3850
894
85352
147798
22821
1346
7288
79719
10974
343263
171177
8496
83897
119395
57514
29964
25759
83417
8270
50649
100129434
145264
114798
23524
4947
5013
10331
155051
27166
10394
11033
100507160
84277
112942
108
2679
10297
2938
4142
119467
343066
151354
84144
5055
100289580
6183
1414
2125
346606
387509
1893
54714
51559
387597
255330
84937
146691
2731
255877
51258
11250
256536
1848
2815
221303
6487
340017
401089
114822
583
57576
54413
80339
729475
116255
100506534
122970
148709
6376
25771
28969
1946
8140
100505964
3578
79815
4440
50
57026
128859
285441
5067
50488
248
84310
122616
200407
118812
266722
9693
10025
5333
1889
641371
339789
154790
1512
3704
247
23237
401039
203859
10300
259234
343990
5506
100506696
9886
653689
117581
79650
5268
50807
10562
219858
84699
84654
84448
83478
9821
23552
5325
51162
64788
6677
100506465
100289473
339344
1534
5550
343450
23072
4337
3747
89891
124976
338599
10723
84944
64651
3614
9903
79143
54897
2709
9201
9170
145773
55588
139221
54828
23518
55111
5999
2275
163175
10954
4580
10554
1830
222826
26231
121256
4097
100125556
174
11163
7476
643311
2077
55343
5799
166379
84536
7022
727897
8839
1200
284802
5368
9119
253152
168417
387804
283576
84627
503497
100128496
145873
64084
353091
2852
4191
146227
881
114823
79586
9578
100506643
80313
100507098
284111
139628
285761
132160
388341
26015
9215
8884
2849
204962
8823
80344
2648
9758
51154
146183
732253
10975
23221
57591
55554
79698
339665
81669
692099
91522
120
8704
5288
84159
63905
3299
9697
2251
58524
219541
87
10134
26031
10656
25920
2909
5223
728279
399665
66004
90120
280636
646480
222662
377
221935
25953
9760
100874282
117159
255022
375444
56893
10053
2769
3269
55679
29944
255275
3679
8402
1496
89941
610
54967
4739
91584
5924
150465
4088
339366
4855
221833
51278
285613
100507651
55742
400456
54620
55827
7126
818
83953
128240
170691
5780
57834
6892
51214
10055
84993
10999
8325
100287428
80144
3927
199974
4830
63943
84708
7376
440823
348093
445
56548
56963
139741
64285
2021
126792
51716
29767
10935
6539
92370
1174
338817
5522
5236
57559
253314
574414
51550
401097
440465
4853
54958
55884
55081
56112
22891
65094
153
400451
112483
5211
341346
79611
22839
4240
6529
440738
50509
10555
1958
6247
25981
283600
2354
780776
56834
3196
9953
10573
10811
1944
651746
56104
1592
2306
10093
4862
51196
85456
56950
6523
896
11259
404770
4190
445577
2191
57647
100505498
84303
57521
387733
324
9277
83445
29989
752
136853
1802
83592
7917
284716
79837
25829
7791
57496
150160
283755
8698
85379
28958
55697
4948
6389
10360
147912
399726
51246
55652
129804
653140
25818
26173
23639
51560
59285
219
338811
515
9858
57528
9920
575
2590
10120
5306
54514
84525
2775
93979
219990
729420
149111
55800
7216
171568
138948
5708
5245
2193
81553
23504
283869
5786
83451
79814
9776
8418
1175
7042
439941
654429
127
27132
29088
113000
9605
100507156
5580
149345
160
9909
1642
7360
286002
79720
7385
125988
782
56033
3995
1501
2170
79679
57704
23583
79102
378884
22941
429
147093
400745
79004
5078
56910
100287628
29844
89944
57143
4137
81603
11273
503542
22854
26056
53349
51213
768239
100506004
26998
7837
114548
7916
126282
1769
652968
84620
100505519
389421
51022
1603
57172
2068
245937
79161
65249
344558
91355
100132963
5819
3705
1605
7135
9283
339059
56267
29924
25828
79622
6934
56848
27178
7030
58477
54996
57190
6324
5155
30000
54704
3691
8642
3838
4329
337876
1845
4201
23399
339855
5162
51586
406983
1969
439
10899
1627
353144
374569
138649
50813
64410
200523
80148
1007
53339
100507437
7052
89932
4723
7536
284612
9158
5455
91304
1431
8473
5524
56970
83638
23017
1667
79735
6448
6704
27199
128308
3354
4967
400591
9079
23641
64771
29925
10279
10273
4702
83637
4751
2155
51517
23223
3958
5905
114818
26239
4738
27349
2120
254887
84969
146
261734
1981
58506
2739
55799
54461
163
9607
375775
51768
374654
5434
91662
79966
8501
55084
311
9240
728588
4144
8425
668
93210
115111
56905
131034
139422
57007
2821
85019
5738
389690
55116
6310
3654
1508
10865
100507439
140801
6709
7317
286223
56955
5300
6257
1113
386677
5595
8419
5310
55004
23492
9922
57787
1209
80790
27352
2931
53335
400120
79017
4606
340371
5693
79041
460
11334
23201
57410
4744
8428
149473
8079
286256
593
129080
10594
57568
5538
5521
162
5818
128434
219995
221692
25946
100873939
54742
84262
4033
388552
4856
51292
6405
8078
29990
283159
342667
8566
114795
10841
25989
54776
642273
79762
7177
7262
14
54498
5837
149603
6926
6792
130749
7384
1960
5795
57540
6954
28972
2050
80212
80279
448835
84516
11188
9556
3274
26256
26017
9895
440699
1954
387849
441478
26519
954
389208
1612
84467
4982
10155
1345
2036
11328
223
79057
728450
79094
81617
29965
342125
10916
1740
5605
3708
4123
27351
10808
509
22808
8775
1020
4351
51754
284541
63974
136
57537
6906
221061
6691
9340
3780
11346
9377
51606
823
55502
54472
29075
9091
11178
7374
90874
5441
8818
4836
8074
2119
10718
5297
8733
375133
7088
309
5195
516
10043
57628
84261
400620
10602
7471
10969
4145
8848
8718
64837
2993
9371
9727
444882
10109
139728
2316
553158
25758
4709
9772
396
55503
10121
115098
57644
8655
56165
55321
84364
150572
114794
79567
56953
9275
63976
4141
10633
83874
7016
58485
337879
85509
342977
131450
137970
100505685
9853
83546
94030
827
6770
5296
645700
151835
10445
84631
22883
59283
55152
79047
115350
8398
80162
8646
64770
84182
53615
2767
7090
4130
64780
203190
148137
286234
26032
5230
22853
134
144402
2805
9208
9536
5127
1822
23208
23710
55699
25906
26010
388942
26609
100506457
6430
51321
30845
100505545
84561
8906
5617
9024
5097
342527
81570
23396
200315
10005
3096
64283
162514
4885
51075
9807
5252
11041
399668
406
169436
374659
5476
84940
164153
644596
57689
65123
51150
10368
6829
118
6999
79035
2621
9891
26001
2051
1832
5827
256281
4924
79639
10992
23265
9132
6582
56171
55611
222962
2219
9524
9114
1215
2534
381
344787
29922
967
1828
57605
4185
5273
2319
9324
5430
1025
64112
83873
5709
1141
94107
84926
64222
284252
27072
1012
22870
10361
3420
26168
10164
6547
8722
29086
130813
7386
522
9993
8943
196477
25851
643201
6390
1291
9146
23326
3755
22861
63904
5250
10755
1137
115703
5119
1855
887
