221044
100505985
2488
5741
81501
133396
257313
1587
64663
337976
27177
729442
137814
100151643
154064
3651
100507464
114026
342931
3238
100316868
7053
728978
150921
494197
150135
347127
3239
389692
50700
26539
10107
53940
128822
5075
7038
386679
3229
3237
644192
2641
57057
146167
340094
7026
2208
286178
10053
442247
100507199
100507288
100133171
2069
139425
27134
170825
26526
386680
83953
390003
360200
441525
22953
2695
391723
4105
55034
283598
10481
151325
7022
57408
149647
196415
138240
148066
84366
6369
84203
23782
84837
8521
8840
139562
386681
51450
6354
100506792
80712
3207
3957
64096
654231
124872
64648
146852
4909
93650
1030
7477
285375
10661
26138
129025
84560
7137
9076
5650
9506
646486
5733
3809
3381
83401
4033
190
255025
386677
91156
80133
1551
6694
57405
285311
3802
590
720
158798
392255
338761
140432
23022
89858
50617
113157
84620
145946
400794
138009
51198
6101
26343
100505532
79690
4342
5156
90865
9626
5444
387509
56475
387733
11081
150677
100506652
2840
1462
388722
140801
84176
6862
56956
338599
100652739
6530
9873
140576
1464
8091
9119
83416
7010
93010
4147
54490
90050
654483
221883
259215
85289
7143
64067
130951
440925
375612
441389
65217
139105
721
153478
165829
63898
349136
2815
429
541471
64093
84958
3043
23624
112597
154860
10643
3822
100874251
89958
29937
100874253
5273
100287792
4319
441864
25924
3040
1404
100505685
387758
25818
386618
100506406
7138
144360
6834
3049
395
132671
2846
121355
54331
100506457
5803
23704
170691
155185
55765
254240
388121
79931
254099
27185
501
91828
117286
386674
7113
386683
729359
100124700
138255
51480
1473
339807
327657
3823
165257
3799
50854
29850
100289650
9313
140683
388387
1029
9636
10633
1059
440503
54857
999
9914
10158
148581
1734
26472
348303
404550
155
5553
353333
404552
5624
283592
100505834
23495
342933
10683
135644
29844
8326
83259
401498
100885782
286676
80117
9448
3166
375057
25833
285954
100507484
9071
248
27120
8850
100874047
1832
100874366
56979
94122
100874323
10979
55970
5865
92293
26002
7347
10749
64344
56655
10215
387486
9971
259283
387103
388818
1437
51438
285441
6363
23531
653784
145741
6167
11166
10882
92999
4336
145497
55901
100131980
83755
4715
255130
81543
656
225689
100129464
885
440900
10457
3039
100505591
389730
3992
131375
3195
3627
164380
33
55351
54492
6720
474
60674
100128714
388011
7781
55568
11280
56917
285095
8704
123803
401463
5013
400120
135886
400961
56650
122664
2987
6156
7432
285093
8909
10408
3592
55790
324
23439
125144
220164
90141
6188
282969
2246
136371
54626
644041
83543
3780
22822
81031
6517
286023
2737
3010
79095
387700
5031
113452
4803
57698
7130
5744
84848
400236
57084
222663
6623
23626
79733
9068
441461
100506110
221421
55287
55273
51020
100505799
494118
53942
2949
1002
100507524
338821
85352
221833
57030
374387
339221
54346
3755
166647
23550
64735
11117
54958
6641
8463
8507
6920
1902
80097
6870
54843
389033
342977
8556
1991
7274
100463486
9289
3620
64218
161931
6370
55079
83661
3174
282980
8842
3910
644246
57471
4861
23657
100288801
6223
79026
128209
100874200
91369
3556
83546
11069
57824
3228
58530
8073
84536
55553
4651
9770
4697
129080
27092
5913
374875
128414
126567
3196
223117
4852
100286922
345062
3578
144455
93377
170954
246213
28996
100287718
149620
6142
387718
5746
83656
84970
58476
57648
8325
388780
200403
220047
1421
338811
55450
85439
60681
4102
284184
137362
654320
158248
57663
3568
100507347
388585
5473
6147
64699
199899
2201
493901
100505828
1826
1852
338645
149233
147710
92129
9846
9040
6157
126259
10642
4714
100505588
389
100130988
1350
7476
23109
100
57088
5352
2134
8537
121340
9830
51299
10975
10816
4188
148014
401934
80763
389549
8502
7525
3048
285972
2669
100874185
815
2247
79368
81624
84654
260429
5593
161003
360203
6660
10675
9355
5920
1793
400620
219736
347744
7311
84310
7105
881
653240
84691
8516
100874194
2018
2790
6579
166012
118429
196477
645166
6373
3006
6158
4489
51125
100507160
10611
4303
84628
22836
54550
7088
4920
55959
4052
344905
27319
55630
2280
387890
10541
149351
6256
7837
57110
130271
406984
6347
170626
100462977
117195
2867
400456
132884
54985
54457
6160
7533
151651
55816
51196
2350
6203
254295
1496
3050
9037
11145
285962
3209
11167
4887
7043
23500
808
654433
144568
402569
8877
112399
286186
6228
55916
128602
204010
399949
100506664
51134
398
100874377
100190949
4713
2981
285141
286002
114794
219654
11007
9607
23194
51296
387885
29949
79144
30820
5919
285782
83959
65983
94274
135656
153328
10220
114801
83987
388341
6706
286204
3359
6355
160777
8938
23564
5138
10894
11238
150483
24141
8721
139793
9618
8991
4583
349667
7101
7005
337970
132299
50515
948
10126
257000
9699
11197
5305
23046
2256
6035
100294720
1745
100130519
1143
11346
1379
9444
10439
4340
55137
55914
64975
9839
54102
494514
7018
6173
30010
163071
5739
4257
118670
1063
3732
56300
54762
84894
83604
58525
5592
54886
6276
2168
7157
56670
84850
389073
1761
91703
23542
134548
100131187
83901
11178
54437
440895
9547
283299
51088
53822
144809
414235
85320
9535
7060
11142
100506795
260434
355
7390
1783
55885
255743
23467
5860
23359
389161
4062
84659
51760
3782
10060
8424
57159
1123
440077
220115
51700
440556
10491
50801
646024
6656
440585
8712
80125
5699
4853
23677
147093
54873
399726
115352
54498
6235
147912
9421
128434
27147
1917
133690
125704
220323
53358
140609
28968
55859
168090
340204
6662
894
51129
8572
167681
121227
54101
5874
100506498
55365
65125
200315
84332
57678
3037
154
9317
7164
167410
728463
6696
51673
23416
10085
765
57526
9111
4907
400757
55861
84668
9319
4900
3909
8302
83643
54543
100192378
341
157381
90993
100874151
4099
116154
9502
9615
1907
10716
158158
259197
139212
154075
1519
6711
10242
30818
117245
134121
10942
55616
5595
79948
79762
221409
2768
7849
9413
1347
6165
200407
6664
416
26289
57795
100131390
6565
202151
54510
840
8456
166
163404
100506737
2173
439996
114824
4593
2587
138428
58480
114908
26996
339366
10411
54751
220074
658
1267
84525
57642
1413
91133
84824
2703
84952
6616
6237
129881
1298
1809
55022
256987
6193
26025
84706
760
6750
4685
51529
6585
7077
84239
2290
6804
6136
57685
7431
1442
7132
729305
57628
10409
100506546
58526
100507267
63951
128178
56955
91300
90737
79002
729970
293
6229
257062
6756
6129
26012
57722
100048912
56265
100507134
23024
1746
6620
140689
28959
10720
151531
3625
11173
401124
29951
6374
9242
989
642273
81793
80086
3776
386685
8644
55643
684
389384
387882
3730
147495
83648
2044
2258
221914
79443
30812
493
83871
146433
2152
158046
10368
6923
81850
10160
84886
2123
1611
83935
10522
6168
404217
4118
140
117153
392636
286077
100874330
386682
79633
100506725
440970
337972
158763
284
7087
786
221491
25759
345456
8601
25911
9858
496
54443
131540
59285
521
162073
23242
59339
7846
8092
655
3655
51191
84059
2596
27333
80830
1978
3800
64077
6657
9051
2922
83988
9241
100874021
2028
79012
6881
9256
64805
26227
3269
770
4617
10397
8407
2897
25932
5168
10360
1301
85001
1974
11013
64446
56034
391356
6385
8647
2996
100506994
25891
5763
120
432369
10974
4145
58503
55224
5376
23513
11031
79747
5820
143872
90557
220382
55283
25907
100506753
200523
152940
55733
100287366
50944
23493
7298
1012
6503
6146
200810
10630
6166
27324
3798
3613
124446
79856
400997
407738
6401
9362
53919
375035
9821
7159
56288
100506271
1409
3761
6506
596
1116
9672
117194
54453
7050
347
6331
728269
642484
9077
26166
7099
3484
10840
9760
5507
6658
8912
374654
414149
25938
56659
100506813
9537
6283
83733
25975
6137
1910
170302
387597
1327
22919
2921
27145
83894
10814
10518
23620
222487
386672
93145
253573
652968
27350
2736
689
4624
59283
79971
11259
202051
11174
126820
154796
4499
83483
339512
4778
84187
339789
79679
3696
26084
286187
706
145645
10335
136288
254263
51090
6915
79774
6242
1933
4983
127795
440279
6154
25824
27087
112885
5502
79901
8437
149499
494188
128611
401551
9249
11274
27290
5064
4885
64131
90113
6017
64850
81849
58531
8988
7480
1641
10636
7345
129807
256394
2016
50604
7447
7078
351
730112
63976
133686
80216
6751
728208
10468
6128
53829
84263
57085
4134
64399
414152
4151
168455
23207
4608
283152
284114
4322
3423
207107
89932
5992
5866
56829
116173
134526
5413
9658
30851
27012
648791
58527
6191
4208
2861
5662
7867
817
644019
79366
28316
100130111
100652749
8525
27159
344558
221074
4826
55740
116071
80303
200879
1796
59345
2210
2348
280657
7764
222553
1392
80714
2786
441376
29114
4791
9478
168391
4317
2261
27132
116028
23413
8425
57595
7388
59286
6171
6649
254956
100289178
23313
123920
3707
6084
100874196
2040
6263
6854
26059
7430
54753
3920
284434
745
196968
449520
127687
100128731
84818
25805
7410
10791
389333
1299
5067
84752
5912
59307
2555
51166
4128
1397
10410
1032
2302
6624
392617
285800
6224
100506465
6227
100507480
8659
116447
361
50509
4915
80975
375287
3747
285180
53831
10758
220082
6170
150248
100130954
2653
116362
5098
3553
400553
64919
5784
100506012
30815
9890
143903
5028
344
192668
147372
1329
84225
117583
1128
5995
146330
3047
7071
4502
89765
60676
5879
7223
1524
56301
646799
6271
339674
55897
374739
389493
1346
8972
3440
8534
50852
94097
308
1084
221749
116255
2206
256281
116986
1463
2670
2262
160492
4490
89870
65990
9341
64168
144348
10516
84504
116238
9459
121601
8419
2810
100289087
10567
387066
127003
79781
541472
100129250
58191
2565
80832
1960
166655
116093
222008
2709
5950
1014
51257
26018
1901
3280
284217
6161
7042
7314
114299
79645
388633
338773
140823
5582
54064
1471
55964
55840
2275
150678
10046
60675
5625
151636
2220
7444
389634
4294
131034
2697
51329
400765
23466
10686
387707
443
399814
54988
2920
407003
100507140
2978
2778
283385
90121
1297
2197
64743
9630
10783
91409
274
10581
201229
3315
100289473
5549
1359
29
3805
6138
114780
4694
337880
11326
5346
285313
352909
2528
55601
149685
57630
10591
25987
220202
652972
114571
116832
63974
157983
54659
4751
5578
286207
84125
91614
22905
390
3306
53826
650
220296
3984
390594
1622
7681
25854
22802
83394
23026
401081
10687
911
4681
91523
222967
440574
2731
759
9843
503693
83853
2328
85444
100874241
3149
200316
3178
133923
1258
90313
57574
63973
2209
5978
90933
84502
677779
64748
64002
131096
8839
51313
78990
83417
5737
7201
7178
4851
6939
143282
2829
7058
100506937
129852
9905
7025
3938
11257
10804
4109
151354
8635
94015
6001
4016
56673
10900
3400
400618
219623
196383
29993
6509
80122
10362
6451
79783
6367
6444
2994
3709
100507376
8613
2785
5757
114795
3706
100505503
100507127
199
677
57224
8356
100505601
359787
139067
84627
10148
3636
415
57571
89796
57007
1230
344148
3326
2039
3691
4736
64220
2558
26707
4493
654346
116448
57593
8404
7205
51704
22914
2906
128821
23446
6555
93621
1325
139221
3727
2215
5029
388335
154822
51440
5099
6208
146779
91768
3490
25790
646168
401152
81493
65124
653689
285016
22933
153643
2219
81618
79720
55532
5457
954
80243
6853
10501
55612
5151
4878
3754
4111
595
147906
10267
6640
5173
10655
55800
3428
163479
146802
2323
23328
27253
401944
8555
212
287015
93233
100506272
29968
10656
116987
132332
63827
1007
254128
148231
84221
55567
54979
58472
2202
2346
4142
404201
4884
64115
401285
6135
27303
100505724
100505695
10203
643965
375307
794
2064
920
5880
100506082
2295
9001
780
5414
353219
2543
4495
4761
10732
7364
5774
92369
123346
5375
5654
10284
30061
645864
3956
374946
238
391365
19
341676
2823
5446
83876
5734
114132
343578
439941
8061
79626
219348
83982
114798
599
2207
4329
81696
162282
5738
150946
27306
55130
400761
6518
158511
56978
7805
25789
145773
51559
64759
84856
758
8794
55013
4038
386678
121793
81848
2857
56938
7305
200558
822
440910
51087
198437
5063
6907
339761
10718
57379
285780
26986
389177
84694
51617
399668
644186
730013
4689
7276
84898
4013
55089
169792
341640
55314
9576
9468
3099
3786
387694
8801
3598
100506384
5358
3816
10870
57381
3065
100431172
108
4148
2139
100506057
146395
89839
27128
9349
6523
58489
79412
57338
26577
253582
151242
6494
10209
567
6204
6175
1351
27018
6159
25873
6189
6155
6202
682
4725
65108
23770
348
801
6201
3320
8933
94235
79363
171483
94032
30846
339168
79730
5166
474354
8514
2707
3122
7474
256815
283420
100144602
283999
81844
144402
214
89846
3569
8630
100506178
4223
114
389118
56062
60489
6861
23031
158830
26150
58475
79776
117154
1758
8742
100507222
26353
2520
32
105
10472
