81839
845
4808
55356
126868
476
965
3321
388667
914
5738
9398
8458
80263
79679
10905
54855
54834
10885
200162
6913
10352
51179
3284
3283
90874
26227
3158
83998
343505
11085
4853
653820
100996318
2210
644591
728833
647135
728841
653505
400818
9659
388677
100132406
148738
10628
84265
284615
128077
9939
8799
8515
148741
10401
200035
10623
27246
11126
5174
653519
200030
5565
2330
9557
607
51205
2702
2703
51463
25832
645142
100288142
284565
730262
728945
645262
100996713
653598
642441
199882
2209
440689
101927767
653604
8370
126961
8337
723790
333932
554313
8349
8338
317772
