400745
50809
8672
1889
84224
249
5909
84196
401944
3339
23436
10136
998
54361
9923
2046
712
714
713
2048
646262
729059
23028
7798
3352
10236
80818
6920
55616
1870
3399
6135
6924
57095
11313
2582
3155
2517
1269
55629
10772
127294
58985
163702
57822
90529
57185
11123
400746
10250
25932
864
25949
57035
6007
23585
6006
55219
26119
57134
57190
56181
79000
164091
3925
5051
2134
7780
84676
149420
79927
51042
10256
378807
64793
83442
91544
1043
55057
257101
79727
79947
3151
6195
101928728
8289
55650
84243
2810
54707
63906
8431
10726
