408
6188
283212
81544
871
4135
80168
84649
7405
7481
5612
100506127
56946
2615
25987
55331
192134
726
4975
4647
220032
5058
282679
1207
51773
28971
92105
65987
100532726
7069
4718
79053
283219
57558
9846
79731
26011
220382
5547
220042
27314
51585
338699
60492
1740
55863
84233
58487
220388
54843
220047
8301
8726
51501
60494
10873
11098
8322
65084
23682
1075
2915
7299
50507
219595
390231
57093
642446
399939
729384
120146
642612
642623
10003
26973
120114
4544
120103
159989
56935
85459
79101
28970
9440
387804
341208
24145
390243
10888
4361
54851
643037
2526
