157313
64641
5520
665
10687
1808
148
81551
23087
2185
1135
2053
1191
51435
55246
157570
55872
286133
389643
55140
5368
55893
157574
7976
2137
55756
79618
23303
1846
51669
23484
619373
10671
11030
2961
100507341
2936
7993
5516
56154
29942
7486
3084
84750
84549
80185
79845
78986
137970
157855
80139
11160
11212
25960
55290
80223
137362
155
1978
9070
6770
27257
9530
23259
84513
54904
137994
2260
389649
6867
59339
203100
83877
8754
203102
8749
2515
3620
169355
56892
79698
6422
51125
84296
137964
157848
286
7994
10947
5327
3551
5423
