155051
6009
51422
168391
63917
58508
7516
57180
101929087
22976
3361
3638
2020
285888
155435
6469
389602
140545
64327
64434
3110
9690
10049
5799
54892
57488
55112
7434
101927506
441308
169270
26260
157695
157697
9228
2055
9639
101928058
9920
9172
64478
79648
285
55326
389610
1672
1671
1669
1667
728358
1668
1670
401447
645402
100131980
100289462
55894
10407
503618
503841
504180
503614
100131608
101929400
100133251
245910
245908
245909
140596
653423
414325
1673
100132396
392188
645836
157285
137075
9258
90459
79660
8658
4482
203074
94137
203076
83595
54984
286046
66036
83650
83648
640
