317754
149998
54033
6782
64092
388813
8204
29761
1525
10950
54149
140578
5651
4685
54148
58494
522
2551
351
100996571
116159
9510
11096
29104
26046
10069
10600
10694
56911
571
2897
26285
9073
643803
100131902
388818
643812
337963
337959
140258
337960
284827
254950
337882
337969
337970
337971
337972
337973
337974
100288287
337968
337967
337979
337966
337975
337976
337985
100288323
337978
337977
337879
337878
337880
728299
7074
6647
57466
30811
54069
56246
9875
59271
140290
56683
8867
94104
56245
10215
116448
3455
3588
3454
3460
757
54943
2618
6651
29980
9946
6453
539
6526
