79763
89887
57106
284297
646643
100130827
163033
84922
147807
100507290
147808
51157
51545
29903
11338
29924
338321
342931
729974
204801
147945
126204
126205
126206
126208
55311
85569
342933
79149
100506374
147948
147949
63934
57573
140612
388566
58491
147670
90485
5178
23619
57663
114026
503835
9422
6795
390980
10794
125919
57343
284306
147694
7565
388567
57191
400720
79744
374928
256051
162972
55659
284307
348327
7693
10520
201516
90233
7710
79891
284309
54807
79818
84914
100293516
730051
147687
147686
10172
147685
80095
284312
7694
65982
79673
10782
27300
7554
342945
1
162968
116412
6193
646862
