2314
125170
7156
140775
6470
645027
654346
254272
729288
147166
10517
51030
101929141
5636
125206
644815
10750
400581
388436
22905
27077
5598
4239
7732
55244
224
146802
218
9706
11216
92521
284194
256223
339184
23326
25979
8834
256302
5606
3768
339263
100462977
26118
8844
3965
4843
201229
51701
27346
90410
7126
26073
147007
645832
7448
23098
113235
9058
8456
9094
94005
230
10615
124923
9703
6388
6830
147011
83871
100861437
6147
116238
284086
9618
55731
26284
2319
147015
57649
124925
51268
399687
9220
1411
57532
57551
116236
90313
28964
124930
84940
85464
374786
