80000
114799
6632
171586
57534
2627
64693
5932
91768
85019
8780
29919
4864
147463
3909
125488
26256
114876
55364
59340
25925
6760
143471
6875
284252
361
83539
1000
1825
1824
1823
1828
147409
1830
1829
7276
9331
147407
22878
54941
51444
4225
64762
57565
374864
80816
8715
1837
10982
84307
100101467
7572
252884
125476
2589
83608
55197
25800
55250
55034
80206
25941
57536
56853
5289
6014
6860
26040
8170
6563
284266
57724
9050
498
115106
147339
494470
125336
29906
9063
83473
100506888
728929
162699
51224
84064
51124
652991
4087
201501
9811
4092
54808
