3671
64220
80125
1583
8482
84993
10620
1198
80153
1543
1544
1445
79748
594855
25989
10066
4351
57184
9377
54913
192683
60490
56905
653641
653643
54939
79661
4123
25942
5780
10073
55272
257364
1464
161753
92912
26263
145957
123591
2108
64843
49855
5955
9051
10099
79834
10363
84894
440292
23102
646892
10518
3419
23205
55466
80349
1381
3658
123688
5685
1138
1136
1143
11173
10933
1512
5923
390616
23423
23251
10588
100528021
400410
597
54469
2184
9915
58489
57214
23184
59274
161502
3603
80765
342125
84206
79631
283726
647042
440295
6218
101927601
64506
