135927
3792
135924
346517
5304
259285
259286
373156
135932
835
1180
9715
100507507
7791
2041
338398
259287
441294
101928422
285966
340307
9747
135948
26211
135946
393046
392138
346525
442361
135941
100128553
445328
402317
401427
100142659
346528
7984
135935
27010
26047
202865
8454
2146
9601
136051
155054
57541
8427
7988
100289678
27153
155061
84626
168544
23145
643641
155066
653857
65999
113763
5919
29803
285971
155038
168537
55303
474344
26157
170575
100527949
55340
28959
55365
26
3757
4846
285973
11194
9311
1020
6522
10922
83590
116988
2636
136371
392843
10061
54480
6604
51667
349136
