55035
401541
4969
4958
54829
1842
64768
23299
101929748
83744
89846
203328
84270
4814
65268
445577
158293
23196
5253
101929519
56033
138639
169841
54754
728026
84641
8789
2203
84909
2176
5727
375748
158434
3293
11046
195828
22927
8555
195827
22869
158431
441457
1515
100499483
23424
7111
158427
4686
7507
2304
51531
55363
10541
9830
54187
7464
55357
9568
203286
79695
1306
7046
85365
10952
8013
55014
23071
27130
54881
91283
100526694
8577
347273
54886
570
54534
7743
229
84302
56254
116443
5535
1539
10592
138805
138804
138803
138802
138799
392376
286362
286365
