92241
9019
55811
25874
55827
23432
261726
375035
9095
6846
6375
1805
101928596
481
29922
8548
57821
10560
2153
6403
6402
6401
92342
55732
57147
22920
149281
92344
5396
80133
2328
2327
2326
2329
23215
4653
8674
51603
26052
92346
5279
51430
356
8995
7292
9588
284525
339416
730159
27252
91687
55157
84614
462
149041
9910
9293
27101
63931
63923
9674
7143
64326
60676
460
57795
89866
9462
400797
84066
55103
9068
9917
64222
27
6646
126859
7827
163589
148753
163590
26092
9857
5768
89884
84320
9213
57710
10228
3140
51278
777
127665
