2821
84306
10054
126374
284402
55900
339318
148103
90075
126375
57655
6324
3249
5349
163175
5348
53822
53827
148109
51599
7392
57817
4099
933
2864
2865
2867
388533
93099
374897
26330
10430
495
23354
79171
2116
1340
11045
27033
9757
79713
199746
55851
55957
126393
148137
115703
58510
4868
84063
333
84807
10870
7305
79414
644096
163183
84964
101927572
25999
199745
284403
728361
5438
1155
826
1346
147929
7705
57677
284406
84924
339324
57711
84911
92283
163081
342892
728485
388536
25850
374899
374900
147923
199704
92285
163087
284459
84503
148266
148268
390927
163255
