5557
8630
121214
8608
11318
9880
6866
4640
23306
4665
6778
4035
11247
6472
56901
246329
22864
3626
83729
2735
64333
4141
1649
114785
10540
3798
79837
196403
115557
65012
2583
10956
116986
6302
1019
92979
1594
4234
25895
10102
10677
10106
91419
121227
9194
338811
9958
23041
57460
552
283417
10329
57522
144577
115749
11260
29110
283349
2799
23329
11197
23592
253827
8091
100129940
84298
51643
11213
92797
23426
55832
8445
3458
55801
50616
56890
5908
57122
55508
4193
1368
11052
4069
8089
10818
10576
376132
144453
117177
196446
4848
27345
5787
