55973
5172
79872
1811
1738
3912
22798
4897
50640
168451
4189
154907
83943
54674
9732
11179
3475
286006
64418
154743
54329
5506
93986
29969
22797
26136
858
857
4233
830
7982
7472
136991
1080
83992
51691
56311
3751
23554
54556
79974
51384
10447
5803
10157
389549
93664
168433
378925
50833
6561
154865
4698
142685
442721
8976
23553
6677
730130
2861
154872
25913
2918
168850
79571
381
29999
5078
27044
64101
3952
55131
401399
3614
29923
55798
101928451
346653
84691
813
611
64753
2318
9296
100130705
375616
3663
23534
340348
6608
23382
57464
