55102
51527
122481
10914
7443
283598
64919
84193
8812
317762
84439
10858
2009
51466
123099
7528
123096
283600
7453
79446
57596
8788
388015
1735
5527
1778
3320
91833
5891
55778
51550
9895
122416
23186
7187
81693
9578
91828
7127
1983
4140
1152
115708
9529
84334
3831
7517
79038
23368
9556
122402
647286
374569
26153
400258
388021
64423
122622
10572
207
100128927
283638
122618
113146
122616
55038
29933
3714
256281
2972
90135
23241
647310
9112
1397
1396
283643
80757
3492
100996379
727832
100287399
100996331
390538
283694
101928039
283767
114791
23191
81614
123606
440243
283685
