51276
22835
163115
84775
126231
83889
23094
8193
94274
10653
90522
64073
9424
57828
5714
199720
399473
147965
115727
6261
11184
27335
81
147968
3963
653499
3960
1891
3191
126432
22933
4793
643669
54938
6183
115290
126433
390928
10298
342897
342898
282617
101180976
282616
282618
57622
9535
55095
54623
55588
7538
64857
6217
6829
92609
10683
348303
126272
163126
29124
148003
56891
1178
342900
9149
2091
8857
5704
339327
163131
284323
4294
148014
79935
208
126526
23646
147746
57716
29950
29946
645
57731
92799
8425
9253
79934
80271
284325
6626
8190
53916
112398
