9653
101927844
8543
5586
2959
56267
494115
2635
2633
2634
388646
115361
115362
163351
23507
84230
55144
284695
343472
84146
164045
8317
7049
676
253152
646817
284697
23285
388649
11146
79871
2672
7813
6125
388650
22823
50999
343099
1810
54874
8412
30836
2730
24
9411
5825
2152
126969
1266
199857
148534
100527978
25950
58155
1806
51375
163404
9890
54873
391059
178
23443
64645
163786
54482
127495
1629
8634
8556
54112
7412
2135
148867
51611
1901
118427
1301
101928436
55599
280
279
276
277
278
55170
22854
10451
29957
148545
653149
284611
113802
55119
