79644
55858
9575
132954
10874
55763
9662
57482
132949
5471
10606
6731
132946
100506564
84525
6691
5978
84273
5431
3490
23284
253017
2044
1060
26228
55236
2798
9407
339967
389208
132724
91746
28983
7367
7366
7365
79799
7364
10720
54490
7363
574537
10941
27284
6783
1446
1447
6779
3347
3346
401137
54959
260436
1448
85438
26952
10879
58503
4589
401138
258
10117
3512
57050
22902
2926
92597
1633
8671
2638
10886
9508
285521
26057
213
174
173
166824
3576
6372
5197
2919
5196
5473
6374
2921
2920
441024
255324
2069
374
685
25849
