29998
30846
29997
6415
284355
1406
6822
100131137
64100
56344
8605
3978
374920
22900
163071
93233
2014
55260
23546
10945
2906
83743
3770
9266
114783
6820
54854
171169
6141
56848
1628
770
126147
2524
284358
54922
284359
2523
26291
587
51171
57664
23645
7288
4924
27294
581
2512
2997
10856
3972
1082
114336
114335
93659
94115
94027
4909
3743
6625
64130
55150
8541
3270
54795
28968
951
8463
27120
147872
113091
100507003
57030
55011
126133
2323
23521
6205
2217
57333
51070
5639
57479
6237
58506
3661
83596
3276
199800
126129
60385
160
80199
