390067
340980
117854
445372
53840
85363
10346
390072
387748
390075
79473
390077
390078
390079
390081
390083
390084
338751
120793
120796
196335
255725
120787
160298
84067
1262
887
112464
6609
322
3263
10612
23647
26515
144132
23378
3611
6881
1200
8642
63875
338755
144125
8590
144124
341276
283297
120776
120775
7762
7761
338323
27288
143425
283298
8495
51700
341277
120065
120066
390093
26496
338322
8665
7275
79608
4004
65975
9866
6157
6764
56672
56673
56676
56674
56675
57758
23258
440026
10527
7702
7465
23075
101927955
81846
133
272
100463486
50862
10894
10335
9646
1982
