2752
127670
353299
6041
6004
85397
80896
1660
81626
3915
3918
23057
9887
4688
10092
23179
403314
23127
116461
81563
80267
116496
6045
81627
54823
10625
83872
10216
7175
54953
10896
5132
5743
5321
101929766
339479
64407
431704
5996
6003
5997
51377
6738
51022
79577
8707
343450
3075
10878
3078
10877
3080
81494
2165
259266
360023
23418
163486
388722
56956
140609
127124
5788
2494
23528
9928
83479
23271
2848
55765
23046
779
647219
252839
91156
5317
7139
3898
7135
23612
1465
89796
55705
149345
25802
10440
6051
1999
9283
127829
5778
59352
29089
