114794
4242
29775
11135
3957
26088
23616
57026
3956
79159
11078
3005
23464
8484
129138
51386
85377
84645
5435
6663
9463
23539
80115
8398
23764
25829
1454
3761
11015
10521
11144
646851
25776
56993
9929
9567
25777
10126
23467
23466
200315
9582
27350
140564
200316
60489
164668
23492
5155
6122
9145
10454
4248
54471
468
91582
8911
150350
9402
113828
23112
158
27352
57591
2847
10478
6767
63929
150353
9978
2033
83746
150356
5905
23264
7008
100996598
10766
84844
50
171568
27254
5372
27351
2547
4809
79640
150365
79879
6721
440829
115650
79019
