220
101927751
79705
22856
55829
6627
5046
80213
123283
100128108
101927628
390648
390649
26682
51728
79622
64285
4350
8131
3050
3042
3040
3039
3049
55692
83986
8786
398
64714
8312
10573
58986
4833
26063
9727
6650
146325
283948
9091
57799
117166
84326
84331
197335
89941
9028
10273
339123
84219
146330
79006
65990
124093
84264
64428
10232
113000
63922
51764
388199
64788
30812
6755
390664
8912
25823
64499
7177
23430
7329
8938
115939
84572
64718
283951
645811
1186
390667
9894
9742
79652
57585
90861
23162
4832
65993
197342
90864
10101
3483
3029
81889
254528
