59
355
9023
3988
3433
3437
439996
3434
24138
387700
53354
9585
3363
10556
27063
84333
143279
5507
80351
143282
9044
22849
54708
3416
3832
3087
54536
340665
1592
26509
55165
338557
5950
5146
118924
9211
159371
51196
64318
23232
3070
1562
1557
1559
1558
142827
9124
10580
5832
26123
953
100127889
387707
54619
9849
29760
1791
93377
7093
56889
118788
84458
26148
6585
84986
10023
23401
23223
5223
51013
84287
64210
80019
26287
112817
414157
118812
55361
60370
83742
118813
6425
401647
55118
27291
84171
84795
3257
60495
26507
2805
159296
81894
