23421
84455
5236
4919
148581
57685
55225
3716
205
9829
54741
3953
5142
84251
200132
10022
79819
57708
23169
400757
149233
3595
26135
1647
55970
9077
79971
6121
55635
57554
55631
9295
81573
11147
1491
5733
9406
257194
127255
8790
100526835
51086
127254
1429
127253
431707
204962
34
5876
4438
127247
256435
81849
10026
26289
26009
23032
374986
91624
8880
11080
54810
5737
10964
10561
64123
23266
79739
5567
148418
58511
80135
2787
100505741
1486
117178
23566
255231
55283
126820
84144
148423
8915
23576
3491
54680
255631
57489
9635
1179
22802
51100
9403
