2626
101929490
252969
2222
1508
613210
613209
613211
100133267
728957
392197
377630
85002
245940
653333
101928998
91694
57604
10395
157773
137868
7991
4481
26281
286097
51201
29883
137492
9108
6542
5157
57509
2267
5108
427
9
10
23362
63898
55790
55174
4023
6570
526
11178
2675
9046
23039
10361
8822
2039
64760
79873
55806
80346
203190
6440
649
9796
661
55124
23516
5533
10174
64236
541565
101929211
57805
55909
1960
157310
23221
8795
8794
8793
8797
91782
203069
4017
9583
51312
4824
137814
6781
10863
27299
8756
4741
4747
80005
2796
54793
