79139
93594
84985
84933
100533106
11244
29028
55093
114907
340359
312
157769
654463
157378
55039
11236
83940
4715
9788
137209
6713
9897
286053
10221
157638
5462
4609
56169
51571
50807
114
23167
729330
10086
3786
23639
137835
51105
7038
6503
8840
10397
6482
57623
10656
51059
169044
51305
83696
54108
27161
5747
22898
57210
2843
11156
389690
203062
575
23237
8629
8000
54742
51337
57152
137797
66004
8581
2765
1584
1585
4061
286122
101928108
4062
338328
286128
2738
79943
116447
114822
389692
23144
79792
642475
93100
1936
84948
65263
7264
9831
286075
