79801
55737
23594
91807
388272
84706
10294
81831
81533
5257
94160
85320
83752
6477
9683
869
123970
23090
255919
55027
101927250
64282
113
29117
85407
124460
64127
1540
6299
388276
27324
80205
643802
5934
64400
23322
79068
79191
10265
79190
4313
54947
84290
6530
1066
221223
2775
267
11051
55239
583
84560
4504
4502
4493
4499
4489
4490
4494
4495
4496
4501
9688
6559
9709
1071
84166
221184
80011
89970
23568
51090
6367
6376
6361
57019
57017
5432
55715
92922
221188
9289
222487
84229
10300
3801
388282
1258
374739
57567
79650
4324
29105
