151871
55211
25945
10225
79413
257068
90102
55347
29114
344805
79669
257144
285335
4345
151888
64422
55032
151887
344807
131450
29083
25871
91653
55779
152185
54847
205717
80218
523
54762
254887
57577
79691
1814
7634
201633
26137
2596
4045
152404
152405
7348
8702
57514
55254
56983
51300
941
141
51365
64091
10063
89876
8856
2932
165829
116064
11167
4710
3081
285282
2960
9515
10721
503582
51725
3059
2804
9657
55840
6565
286676
942
846
1475
131076
26355
54554
3836
83666
151636
165631
54625
79663
84925
54437
10954
26984
111
201562
4638
64770
54763
