9361
257062
163154
56931
4902
2528
2525
2527
126328
400673
828
8498
5990
81616
4298
125981
8192
84266
5623
2962
390877
8570
284427
79085
92359
79958
10382
8744
970
8740
718
56927
9322
10045
7409
2015
729458
284428
653656
125997
653657
79230
3643
23370
92960
374877
140467
57192
10908
57662
56949
100131801
126006
6813
56729
199675
126003
2208
339390
30835
10332
115704
80164
80131
5609
100507588
6618
404217
10469
1994
6370
84467
79603
51293
4701
6234
256949
51129
9230
51257
4670
84106
84330
4542
81794
284382
284383
148156
85509
94025
125963
390882
125962
