654231
51622
222967
5395
7965
27102
100310846
84132
9265
84792
5879
221955
11014
392862
55146
79034
54753
100131017
7559
728194
221960
56913
340267
54468
6119
729852
113263
3382
30010
4697
9678
221981
54664
221806
85477
10124
2115
1607
392636
4223
729920
25928
100506049
57037
28969
27075
10551
155465
196
23161
221823
9734
7291
222894
221830
256130
346389
3696
340273
221833
6671
8701
55536
9771
256227
3569
54543
84668
55975
11097
10457
115416
10643
29896
90693
340277
56164
4852
51678
1687
26031
54205
136895
64111
646588
9603
3181
11335
29887
285941
8935
3198
