128822
1471
1472
1469
1470
1473
92086
79953
8530
57136
84532
30813
955
5834
26090
9837
22981
140838
26152
245929
245930
117285
245932
245934
245936
245937
28954
81502
3397
84701
598
22974
85366
2307
128853
164395
81572
343702
140706
3055
9777
5326
23509
9371
171023
140688
284805
149951
1789
22919
388795
140732
80341
128859
359710
149954
140683
128861
51297
92747
51654
6640
9139
63941
128864
170487
1869
11264
84905
128866
22913
8894
434
191
83737
83658
84557
128869
58476
23054
2686
55902
2937
57644
26133
55741
10544
10893
3692
128876
55245
8200
11190
