65244
23416
10445
84070
25766
91010
7009
57701
144233
23017
359
362
363
29127
41
6602
2819
84987
91012
51474
121006
113251
57609
466
283471
25840
613227
4891
25875
81566
7024
5463
9802
57228
51411
1990
11226
9498
6334
401720
341405
94
91
160622
3164
60673
144501
283403
3855
3892
3887
3889
3891
3890
3888
9119
3854
286887
3853
3852
112802
121391
140807
319101
3849
3848
374454
51350
3850
3851
338785
196374
3856
3875
1975
23371
84926
3489
8435
51380
283337
3695
5916
84975
9700
5204
60314
8086
121340
6667
269
54458
5094
