5425
58498
2645
10652
816
23386
29881
54606
222068
4967
83637
5478
94239
101929301
5814
64005
83605
23148
9238
10268
107
101929008
3484
3486
64759
401335
168507
80099
3364
256979
136288
7378
154664
375567
11055
100130988
63979
1644
2887
23242
101928675
285877
222008
23480
1956
55915
81552
101060341
346288
349075
51373
2631
5723
908
25870
5260
51142
389493
731631
101928468
101928587
100287294
90827
441234
402269
100996414
100996365
442319
730291
168417
728927
340252
51427
7697
441239
10793
51351
2086
168374
101929322
154807
2990
435
27297
8460
154881
27342
55069
51119
55253
26053
64409
