6928
84218
729873
84311
440435
30837
57636
80725
100170841
4302
284106
7703
5691
8396
54883
388381
9349
3927
494188
57125
390790
782
6143
342667
101929578
84961
5469
51755
4761
84152
10948
8557
5409
93210
2064
84299
2886
22806
124626
55876
94103
101928947
100505591
284110
5709
1440
9862
7067
9572
339287
22794
51195
147179
990
5914
125111
7153
3487
84951
1236
6605
125113
192666
147183
353288
342574
162605
3858
147184
3859
54474
25984
390792
125115
85293
83897
83896
83895
728255
81850
81851
81872
728279
730755
85294
100132476
728224
100132386
653240
83755
81871
85289
84616
