6886
6491
51727
2301
2306
388630
200010
54558
84871
79656
1996
63950
11124
1031
284546
26994
22996
2060
114883
4898
5865
51060
112970
91408
9372
200014
4998
84950
23318
2882
348378
65260
79699
440590
55268
6342
127435
6512
1376
54987
4116
7804
63948
148979
55706
54432
1733
51668
115353
388633
9528
127428
200008
606495
51253
23648
26027
338094
374977
7268
25973
55001
163747
1718
199964
7809
255738
23358
8613
5563
199920
731
732
1600
115209
4070
114803
3725
55277
51361
1573
127795
4774
83941
10207
54596
163782
7398
85440
27329
84938
27022
29929
