140873
51614
6676
8904
10137
9054
140823
9584
51230
51282
140894
2036
25980
22839
10398
60436
100527943
55969
84174
57446
79980
140710
140711
25939
5933
140699
6185
2691
63905
6714
10904
4826
56259
128434
9675
58490
7052
85449
671
3929
57148
149685
343578
140679
79913
26051
81610
60625
9935
7150
5335
23051
64900
90187
84181
11122
6431
26013
10110
51098
4605
149699
84969
57158
51526
78997
128486
140902
3172
79183
10955
11142
100
8839
60598
140730
7529
80336
10953
6789
3787
149708
128488
5266
6406
6407
6590
8785
11317
6385
90196
27296
55861
