5888
55177
2644
55192
643338
84936
54866
6692
171177
57617
54567
79094
54617
161829
11261
11339
51203
51103
23168
3706
4058
26015
7301
23269
23005
100137047
8681
100137049
51332
30844
123745
283748
255189
23339
25963
2595
825
64397
8773
255252
55142
57519
146059
146057
197131
80021
23582
2038
9333
116179
9836
161823
146050
27229
7158
4130
9677
1159
161497
117155
548596
2923
80237
10169
619189
25764
4236
79968
84978
113201
51496
8669
80208
197135
567
140691
145645
6652
50506
405753
90527
53905
90525
9153
2628
79029
84419
7782
26258
58472
80031
283652
50804
