387778
823
440044
23649
10435
5977
220359
283130
83786
101927789
57410
4054
10534
23625
254102
10089
4296
399909
6494
5970
10524
84153
91056
5017
101927853
254122
1072
80198
30008
1521
9158
11007
8061
83638
10589
254187
9092
84285
8815
1474
117144
89792
10992
55690
64837
81876
254263
10897
256472
57124
9610
25855
11041
3177
266743
65003
246330
10072
582
254359
89
8722
55231
9973
10432
100526737
5936
83759
6712
79703
9986
5091
78999
254439
91683
29984
22992
156
338692
54961
57804
23529
5883
5499
374403
57571
6199
5790
57175
390212
57010
80194
9049
