1459
29070
221191
64785
65009
79918
23019
55238
2806
729159
1006
1009
1003
146227
7084
51192
100529251
113540
146225
123920
146223
1783
283847
8883
766
57546
1014
6236
51647
8824
23491
283848
865
80262
84752
8717
55336
3299
8996
653319
283849
1874
79767
26231
29100
29109
6553
25894
146212
55282
51673
29800
3291
9114
181
79567
10664
146206
65057
50855
84080
388284
81577
57610
55815
80152
57215
10204
23644
123904
5681
1506
5699
3931
6560
64180
64174
55794
54920
4775
80004
23659
9057
84138
54496
55512
146198
1001
999
79613
3038
54921
84916
