27306
10611
658
8633
5161
285555
5910
10098
1977
23173
128
127
130
124
125
126
131
84103
93587
4547
285556
27071
8649
79982
3015
115265
51705
5530
55024
64116
4790
4126
7323
493856
150159
133308
56898
1062
6870
80319
54790
27068
54848
57117
79807
255743
93627
9255
100507096
27123
9061
166929
113612
3033
51176
6164
58505
64850
84570
10427
55013
839
81579
3426
54433
10692
345193
1950
79071
2028
5308
132720
55435
92610
80216
63973
55345
51574
287
817
79642
7368
64579
133022
9348
8492
57721
9871
171024
51778
54532
401152
2169
