98
388951
129852
6711
400954
57142
130162
6233
4528
55704
112942
57223
87178
2202
114800
7444
55120
53335
64895
5966
150962
5194
84542
339804
130872
9736
7514
84140
10575
150684
10678
200728
23301
5013
51057
4190
7360
51542
57162
29094
101927402
54812
9792
6509
23177
5861
10097
200734
4211
54465
10438
116143
56902
5534
25927
5341
554251
200558
10887
9938
27302
200504
56287
84168
2673
27247
22848
307
64395
11017
4084
151516
5093
54980
7072
51449
6637
84908
7039
119
344018
165530
50489
25806
525
79998
113419
55577
84693
10199
400961
27332
8291
