114898
63920
10569
9232
23120
2561
2559
2554
2566
900
134492
3161
27430
57451
23286
5917
79646
6586
54908
1794
100131897
2299
133874
3937
30820
3779
2568
64901
30012
4869
8817
644994
23291
6793
285588
92181
285590
54492
101928093
1843
57222
51121
8992
153222
662
1482
8614
91272
80315
133491
51617
4488
1812
94081
3274
10814
84321
202134
375484
57179
285598
51491
192286
1212
23197
22838
54825
114787
6620
253314
26262
90249
3101
51720
23567
2264
101928726
64324
53917
27166
83463
10960
10636
6569
345456
2161
2870
80758
1627
9260
79930
51428
54540
