388324
10749
55065
124961
7775
9098
84622
388325
9135
4927
84268
708
56919
51009
79003
728392
22861
23302
23746
54478
83394
9851
84817
51003
388327
284111
54739
162517
83659
239
440400
124944
255877
201232
162515
10462
433
432
1742
37
1856
79142
11337
23399
23587
1366
6517
51087
1984
2874
84461
9744
147040
339168
8711
57048
254863
57555
374768
201243
284114
2256
1140
57659
643664
5430
8742
407977
8741
26168
1973
968
9526
6665
9513
6462
112483
482
7157
55135
1949
146754
23135
92162
84316
124637
1107
9196
58485
116840
3000
247
242
