10633
162
5988
4744
8563
8508
4771
164633
55954
29796
84164
8897
150280
3976
5008
652968
83874
10291
550631
200312
23541
51537
266629
284904
730005
9514
23481
6948
339665
150290
101929728
23762
22880
6525
140606
27124
50487
91445
3985
113791
23598
4733
56478
9814
23761
253143
9681
25775
7533
6523
150297
10739
6527
10738
51493
254240
25793
8224
7078
9215
91464
10042
10043
3162
4174
23551
4151
80830
80831
23543
80833
80832
23780
8542
4627
25828
80020
8664
10369
11020
5816
4689
1439
339669
7263
4357
79734
164656
3560
114904
6753
5880
27128
