647589
7278
93492
54737
55269
9205
7750
2700
2706
10804
51084
8100
53342
221143
64328
26524
10284
221150
78988
101928764
253832
221154
2254
6445
26278
55504
4285
542767
387911
221178
338872
143
101927375
479
56163
55835
5042
219287
9107
9818
51761
387914
6049
1024
10810
2835
219333
6144
387496
2971
219402
222484
51082
219409
3651
1045
646625
2322
255967
2321
51371
283537
23281
6541
5412
84056
3146
10208
241
84935
122046
10808
145173
122042
10129
646799
675
90634
10443
23047
101927403
9365
90627
5983
26960
4081
9201
54937
100526761
728591
23111
8900
400120
