497661
100526842
6139
9388
10449
4645
220136
4152
30827
220134
5596
83876
4200
55520
4089
51320
1630
8932
11201
147323
162681
284254
5874
80323
6925
9352
23335
284257
51046
9480
2235
4677
100505549
5205
23327
115701
101927322
10892
55205
90701
2922
30062
339302
3998
147372
5366
4160
28316
220441
23556
57614
8792
54877
23239
596
2531
9525
5268
89777
5275
6318
6317
89778
8710
5055
5273
284293
5271
1005
28513
92126
54495
79839
220164
10666
25914
9306
220158
147381
81832
100505797
201456
29090
1528
644041
125704
55748
84735
55628
284273
10194
284274
9658
