9374
80864
10554
6048
177
5089
63940
4855
10665
56244
101929163
3122
3127
3123
3117
3119
3118
3120
3112
6891
5696
6890
5698
3109
3108
6046
3111
3113
3115
1302
6257
7922
7923
6015
6293
6222
8705
9277
10471
5863
6892
9278
1616
3833
5252
51596
8831
221504
578
3710
84300
117283
221496
4295
2914
3159
221491
11165
100529239
6204
29993
25803
64771
6631
54887
6882
23294
6954
222663
7629
50619
5467
2178
4736
7005
7287
2289
221481
389383
340204
1208
222662
6732
116369
1432
5603
27154
285848
389384
51513
222659
222658
11329
