10746
100506922
5624
55677
4648
55679
2840
84826
55339
5433
83607
79595
56886
9394
84084
728378
91409
55627
80097
112714
84317
92856
26469
653269
653275
55997
653781
344561
205147
50649
130074
55041
445582
150786
653784
113457
90557
29798
408029
101060825
646915
2863
116372
344148
4249
81615
130013
905
80122
22930
84083
23518
23190
3938
4175
1615
7852
80731
3176
339745
11249
53353
8942
55843
79712
9839
92
5000
55777
26122
130576
130574
27249
390
375287
9111
7130
55183
4703
26225
785
10254
114793
55660
151188
56475
114805
100144595
3760
4929
2820
11227
57471
