84678
84876
283385
144404
54509
23067
3242
5715
144406
605
254050
386653
79369
56616
65082
6249
55596
65117
9735
338442
8843
27198
8562
84660
9026
79720
23457
79676
51329
57605
10198
91574
8099
55206
100293704
387893
196383
11066
353116
10959
57696
1967
2967
79867
23545
196385
80212
144348
100533183
144347
9612
949
7316
57647
140707
65985
114795
92293
121260
144423
121256
11211
9271
23504
2054
5901
283383
100996701
6433
4326
8408
80324
57634
317781
79050
100129528
57666
100996573
100507055
22953
5426
5827
192111
23141
2802
55743
100289635
7574
7637
7699
101060200
7556
10795
