54826
23262
90355
83594
1946
64839
2241
9867
4124
642987
91137
85480
134430
814
134429
9315
64097
324
6728
7905
167227
4163
83942
64848
3781
55521
5229
153733
56929
353376
100302736
51014
1036
9140
1176
206338
644100
51397
57556
285605
1657
25816
3295
340069
51334
94033
153443
4015
133923
100505841
9627
6643
28966
5480
93166
153241
1456
57507
65983
501
51808
389320
4001
115123
401207
84466
133619
613212
6558
2201
28965
51015
171019
100127206
337876
3094
90624
56990
51735
96459
728637
23305
3562
1437
8974
8572
6583
6584
3659
3567
10111
3596
3565
