57678
6975
51703
64429
143187
6934
3026
4892
840
79949
9937
374354
153
55088
56165
340706
84632
3983
57700
142940
26033
2674
374355
119548
5406
5407
5408
143379
259217
387712
57698
11023
338567
6571
118987
2018
22841
63877
2834
143384
340719
8661
404636
119559
10935
2869
6001
7073
9531
22876
79892
11196
196051
55717
2263
11101
54780
10579
118663
59338
387715
5654
1755
399814
729800
50624
196792
118670
80007
118672
64376
36
340784
3167
9184
2849
119587
51363
4942
390010
64077
9679
399818
23172
54764
1488
387718
26098
118856
7390
56647
55760
92565
