1907
59269
2981
2980
22887
284716
84217
79717
728621
10465
4904
149461
64175
79078
100129924
374969
114625
51058
6513
440585
10969
149465
128218
149466
7075
4352
991
64834
112950
23334
81888
5792
9682
6487
9048
9670
1802
533
8704
149473
6536
128209
55929
79033
55182
79639
339541
11004
6202
266675
1263
343521
149478
8643
8891
79654
7389
57643
84842
4595
114034
10420
25974
5052
10327
4678
149483
60313
51249
3652
23139
8503
10103
55624
541468
8438
10489
7388
387338
2166
127343
148930
8569
148932
64756
374973
9813
1580
1579
260293
199974
284541
10158
