54757
10351
10350
23460
10349
23461
5608
3773
3759
6662
201266
6752
9382
84923
55028
642843
23580
54549
100134391
6169
94015
64446
124602
388419
350383
55890
11314
124599
10871
100130520
100131439
146723
101928343
342510
326624
146722
9368
26151
54868
2905
2232
283985
124590
92736
347741
283987
30850
3396
10476
23510
9121
79637
30833
51155
6613
79902
23163
51081
57409
60386
2885
9772
57513
283989
3993
9400
643008
100130933
29115
3691
2584
3021
85451
201294
23558
91107
201292
64978
85302
51
100134934
1018
2125
6730
8811
353174
23265
2302
114804
283991
84074
5635
8877
