81857
53635
11284
84335
79735
259307
23636
22809
114132
51231
25888
100287477
126123
79784
3748
9476
7376
5424
6689
4606
112703
284361
126119
554235
94030
84258
342918
50944
6320
2854
93650
84798
3816
55554
354
3817
9622
25818
5653
5650
11202
284366
5655
11012
43849
26085
43847
90353
27180
27036
945
284369
402665
147645
2109
125875
4818
3982
147646
89790
100129083
27181
729767
89858
946
7728
8778
100049587
3036
2357
2358
2359
84765
65251
79898
59348
284370
80110
9668
284371
90317
162962
5518
90321
147657
162963
400713
84436
147658
147660
388558
55762
55769
