25934
55335
19
23446
83856
2218
6887
55151
58499
5887
9314
10880
10881
8518
54942
8727
23731
23732
54566
5774
114299
445815
11217
401546
7295
255220
79987
4593
1902
26248
23392
158399
22949
548645
552891
2790
158401
7357
64420
9991
84263
158405
58493
401548
57864
169834
7539
1318
23307
1317
246184
9128
138065
114987
54836
81932
210
54107
257169
5998
114991
259
113220
85301
5004
5005
80709
25861
9550
203197
100505478
9966
944
3371
50514
5069
23245
22954
7099
1620
55755
1955
26190
5711
26147
7185
727
11064
51552
2934
2040
153090
