57449
79707
80835
3104
9903
148479
90326
55735
23261
9341
8863
10911
3604
11315
54206
50651
473
2023
765
155184
6518
80045
9563
80176
84275
199953
5293
22883
56998
84328
64802
116362
10277
23095
5226
378708
100526739
1325
1676
5195
54897
148345
23435
10747
6723
5394
2475
10218
29914
57540
26232
93611
26270
10459
374946
57085
284498
4524
1185
4878
4879
90231
5351
9927
60672
943
7133
55187
9249
343066
126767
93190
390999
65121
440560
343069
65122
400735
343071
441871
440561
653606
441873
440563
645359
343068
391002
645382
343070
400736
391003
654348
653619
