11127
645121
23176
134548
134549
2661
27089
116842
27125
54819
3308
23105
56951
7416
101060024
6932
6500
5515
51265
7320
91368
23338
51128
10802
819
9879
134553
79770
84105
347732
5307
100996485
9555
140947
497189
4762
9547
153328
3578
26223
3950
7045
4090
57113
6695
26249
10949
9499
27039
51306
7478
8382
10902
10112
8697
2676
995
51307
51780
51308
1958
2107
3313
1495
26045
64374
9782
51247
9963
51237
389333
202051
202052
340061
7322
51523
84249
9542
5813
492311
84418
5201
1839
83697
54882
404734
8637
10011
10307
113829
929
55374
4695
