8997
7372
3693
56667
57493
84561
7707
8723
114885
200810
152015
54946
10840
28999
348807
79364
131669
166012
152065
645840
114112
84303
5361
285311
131601
4171
50512
80325
11343
166348
29927
8607
60678
165721
2624
6184
7879
28976
100132731
57501
79825
2815
339122
100534599
57461
7555
22820
56941
8971
90288
8930
55764
6010
132243
23129
23023
7200
644974
256076
131873
30849
27032
28990
79858
131870
11222
131034
55
23317
84129
51554
79876
27031
66000
8419
55573
11073
7018
58477
51560
80111
6578
6259
51421
25847
80254
339855
2047
5523
55167
5096
10274
80723
