163479
6814
254268
29899
23155
22911
6884
56900
127003
57535
6301
1952
84722
343263
6272
5686
284612
127002
284613
57463
83873
2773
2780
271
2948
2946
2944
2949
2947
79574
1435
10768
85369
257
164153
388662
3749
64783
9122
10542
84432
3744
3737
3738
963
55791
128338
10390
79961
1117
27159
128344
5016
79084
515
128346
140
5906
55924
11218
3752
643355
55917
7482
54879
829
4343
389
333926
284467
6566
9860
260425
10745
54665
26191
440603
10717
64858
204851
56944
148281
51592
10286
163259
270
4893
7812
80143
6847
7252
10100
4803
