84081
6532
642
388364
1362
9527
26083
51379
79915
79736
55803
84282
4763
4974
2124
2123
84440
55352
55813
23512
114659
55288
162494
64149
7756
5717
8851
4642
26022
124912
40
6347
6354
6356
6355
6357
6346
400591
124842
10693
91603
3980
117584
5892
54752
54475
146862
146861
162394
91607
55106
146857
100506736
342618
5193
163
91608
246176
79148
146853
8148
256957
6352
201299
57151
6360
6358
6359
6368
6362
6348
6351
414059
414062
9560
414060
6349
388372
729877
9326
80179
284098
79893
79154
79922
3975
26574
31
284099
6871
11072
11276
11056
