63915
9521
51000
266553
7020
2651
347744
55003
51522
81853
4117
9247
221711
54898
221710
405754
4739
100113407
84830
3096
1906
221692
100130357
51256
54438
23408
51406
10048
63933
221687
9308
3720
84062
29116
2766
6310
101928433
401236
221662
10486
51439
9972
63971
378884
7172
221656
7913
255488
3400
154141
1871
54901
6659
5617
154150
140767
51473
353219
57380
2822
7915
9856
51567
55856
81688
51053
101928603
9750
55604
10590
221613
255626
10050
6568
10786
10246
10475
3024
8350
8359
8366
8358
8335
3018
8352
3006
3077
8364
3010
8347
8334
3008
3017
