124402
23295
84309
124401
146562
26048
124404
440335
79641
84656
29855
5493
9717
51172
146556
56052
196483
54715
283953
79091
18
25880
5373
23589
7874
29035
2903
80063
2013
146279
4682
780776
4261
28955
23274
8651
7142
58531
5620
5619
116028
400499
9516
8303
51061
29066
26156
2935
608
92017
101929304
55313
729993
2072
57496
5073
51283
8399
100652777
642778
642799
23420
101927469
9284
23042
123803
54700
100288332
255027
89927
9665
54820
4629
123811
4363
368
408050
101059938
64131
101059953
283820
6210
23204
23049
79905
10229
162073
51760
728276
79838
51573
9738
57020
