653427
349334
220869
445571
286380
5239
169693
8395
116224
5568
2395
9414
9413
320
375743
138255
256691
23137
687
80036
23670
51104
138241
138240
9615
7763
117531
216
301
6096
140803
55071
138199
54981
26578
5125
55312
2650
158471
442425
23230
9630
2776
84131
29968
7091
7088
389761
389762
389763
158158
257019
414328
29979
80318
55582
84267
3190
80010
64078
4915
23287
60560
51280
389766
81689
79670
2619
401535
1612
1514
286234
441452
23552
645961
10927
158046
286238
286223
1903
53358
1164
79048
10507
10912
54769
6850
549
4783
4920
10558
3376
