6614
116835
54976
25876
1059
994
55317
57506
80025
11237
54498
146
5621
23627
9770
9962
29058
5111
8760
128674
56261
149840
1114
51605
84515
54675
164312
55612
650
54363
56255
23236
5332
24141
57144
63926
6616
8195
128710
182
22903
55304
140862
55617
51575
79133
80343
140733
23767
55614
6629
56914
5126
631
11034
6238
140836
27131
92667
58495
100303755
57325
7692
55184
10621
10741
10483
92675
100128496
140856
57419
54453
51126
51340
26074
3642
57186
55857
22803
644524
4821
5075
3170
6754
7056
22918
29107
64412
63908
128817
140880
10047
128821
