143689
154810
51503
55693
390245
10929
23052
143686
143684
9702
8898
84441
79780
8690
53942
143872
83935
5241
7225
253935
57562
85016
10413
330
329
114908
4316
9313
64066
4317
4319
4312
4314
4321
4322
84259
79659
80310
414301
100506742
837
838
834
114769
440068
59082
2893
84437
143879
60496
2977
143884
91801
55531
6588
54733
54734
8065
38
4863
472
160140
143888
23086
1662
399947
85463
5962
2230
57569
341032
399948
120376
5450
644277
54766
399949
143903
23235
5519
79796
91893
64776
1410
3316
91894
85458
1737
120379
55216
26521
6392
56158
