59344
84667
5187
6844
84314
54785
9212
80169
5198
399512
29098
22899
146852
124751
6154
643904
81565
4628
146849
388333
162387
146850
23533
9423
9482
146845
124739
201140
9340
5957
8522
8735
4626
4622
4619
4620
4621
6341
56985
388335
644139
388336
1770
7566
6416
93649
9912
60528
9955
1352
146822
9953
5376
64518
284040
100533496
201158
374286
10626
57335
353149
136
125150
54902
9611
9487
201161
7314
51393
388341
57336
57547
9720
96597
23495
23164
201164
201163
8533
56953
55090
51655
10400
10743
6720
146691
83450
91647
79018
1819
51168
54890
3996
