7786
6895
8620
11016
517
57658
3229
3228
3227
3226
3221
3225
3224
3223
3222
23583
23468
3178
4778
22818
53831
25946
3678
121355
3071
5153
5502
90070
117159
118430
9840
58158
441639
121364
254783
283365
390321
254786
390323
403282
390326
341416
390327
403284
341418
121129
121130
196410
3679
2647
5959
967
10220
84324
29095
85406
4327
84305
1606
6490
1017
5869
6821
64375
6231
2065
5036
6171
84872
23344
140465
4637
6601
10193
79035
283375
283373
93058
1431
10330
9924
51561
6773
319
8914
4284
283377
27165
5939
11176
506
10728
4666
