93517
3294
10200
1012
3281
23417
29948
54550
146167
8720
83693
123872
9013
161931
93107
58189
9914
57707
23406
79786
9100
83716
55625
9764
339145
23199
51659
404550
10328
1327
3394
2294
64779
2303
2300
100506581
79791
81631
23174
57338
54758
8140
763
54971
84627
161882
124245
27189
1535
4597
333929
115992
348180
9780
81620
353
2588
51693
390748
863
100129697
197322
1013
146429
197320
29123
100287036
6687
6137
27132
1800
5119
124045
8558
124044
9605
92822
2175
84501
22980
4157
10381
54849
92806
79007
2622
11105
8447
9501
100506388
400566
359845
55275
