9219
256364
6094
26229
23193
80789
79081
751071
790955
51035
221091
26580
2785
221092
283237
79842
5436
10629
374395
79064
10482
6811
54663
6520
1128
9356
9376
283238
387601
387775
114571
117245
85329
5920
54979
11145
25923
10313
65998
144097
2011
283248
79829
1351
55611
28992
23769
10963
83706
83707
84304
3338
7423
2286
26472
5331
572
56834
50801
25858
2101
51504
25824
283234
8986
55867
116085
9379
10235
5837
7536
5871
4221
55561
10938
23130
5526
170589
283129
116071
402
29907
29901
10004
113130
7542
100130348
738
7108
741
2197
740
84447
