57089
1355
51076
1244
23268
1369
10613
1147
55280
282991
9033
6319
7479
25956
4714
55662
5076
55719
57715
84545
56652
84445
79955
81855
81621
3195
10660
8945
25911
27343
6468
2253
10360
10724
30819
79591
79803
8861
23082
9221
83401
5309
8729
4791
5662
79176
79004
79946
79847
10121
51684
81603
403
118980
54838
1586
119032
57412
54805
22978
729020
9118
84108
6877
84833
22984
51063
255022
119395
9148
9644
79991
9748
1308
119392
80217
9446
119391
85450
159686
22986
114815
7511
120
4601
10285
1847
9126
282996
27250
92482
8036
150
