6645
27183
64146
84342
51388
146456
7014
80777
10725
1728
28987
11060
348174
55066
283971
118460
16
11269
55308
6483
197258
25839
23450
146433
92154
55697
54768
55783
794
7571
7567
10164
6898
91862
23035
164
342371
55565
9798
342372
1723
3240
3250
54957
9785
83449
463
388289
101927998
5713
440348
497190
2734
55159
197259
79152
79726
84937
197257
162239
440387
1504
9564
10428
124491
4166
23563
79583
11345
23536
3735
54386
85445
22879
100130958
170692
283927
57687
10143
51741
4094
83657
124359
56942
55839
23300
123775
2653
114780
53630
8139
80790
5336
