79169
128308
2987
57165
200205
84033
101927401
81559
51127
8290
92815
128312
149603
100129094
58480
5867
10638
126731
58
55746
23456
27097
9816
2590
79605
22796
183
10753
84886
79573
64801
375061
440730
149373
128061
8443
149371
83932
54583
7257
27185
57568
54627
84284
80003
84451
3775
148641
388753
6894
359948
9804
23029
51742
9453
6905
148789
2786
1130
4811
7107
56605
128178
3964
55127
88
4548
645745
6262
57829
1131
56776
64388
6000
2271
8564
23596
1122
128025
9156
441925
440738
200150
9859
10806
10000
10472
200159
159
257044
51029
116228
3192
