8038
118611
1793
642938
594857
399823
119467
5791
4288
4255
253738
10539
101927435
256536
55844
664
282973
282974
10570
80313
170394
170393
3632
84504
54777
84435
85442
8433
27287
101
10844
118472
50632
118471
282969
1892
196743
92170
503542
1571
93426
441581
147199
113746
51272
60626
23410
5719
171389
80162
387733
10581
8519
10410
338707
11187
59307
338440
81490
6050
101059906
3265
115399
256329
8045
57661
3665
53841
6343
1815
10522
283232
64787
6888
347862
51286
79751
101927423
55367
6181
57104
283229
977
5441
7106
66005
161
4588
101927503
4583
4586
727897
54472
