158135
4702
254956
26468
92400
92399
5742
26740
347168
26219
138883
138882
138881
158131
347169
26737
26735
254973
392390
392391
392392
5082
54542
10773
57684
23637
2844
55342
286204
57706
9355
10783
5695
347088
2516
2649
169611
401551
11224
81873
2800
286205
5537
10244
3309
26130
79109
5090
89853
4010
23099
403341
9649
23452
84253
29988
7633
6136
90678
64855
6812
286207
138428
158248
27433
10044
1025
2356
2022
203
30815
27090
138429
8818
399665
203245
114789
80142
3934
79095
25792
1759
2801
375757
26995
51117
10999
81605
51148
4957
2733
6709
