54732
11285
285596
5626
23138
64777
55651
3182
85007
91522
57396
6940
117608
80108
285676
2916
345462
30832
9509
80230
3187
285679
646019
821
9794
4056
11282
8878
51149
23061
55819
255426
5601
9945
57472
92304
2324
134083
4245
643836
79908
10917
153579
26693
285659
81786
90933
10399
84851
26683
56940
3662
55770
135458
101927353
94234
2295
2296
2762
340156
56897
1992
5272
5269
4835
8737
670
7280
347733
389362
63027
221749
26240
8899
222826
404220
10455
9425
10799
57128
648791
10667
51299
2162
9450
6239
6745
285782
83732
1832
154007
654
81567
