8216
80764
9127
6545
400891
728441
100996335
440804
23119
100996337
645426
150221
7332
150223
164592
23753
23759
29799
5594
9647
8940
3535
7441
140883
129025
23532
91227
100423062
27156
2781
9609
613
3543
51233
266747
7621
29802
150248
400916
4320
6598
91319
66035
4282
100652871
653689
100037417
1652
2953
391322
2952
23523
56241
2687
23384
135
51733
83606
6634
2678
388886
440822
129049
255349
85379
1417
1415
100652901
91355
157
84700
23544
57168
89781
402055
24144
8459
1414
1413
4330
23760
23331
11200
150274
150275
7494
84133
25770
83999
129080
25807
2130
10634
