117156
389336
11005
408187
404203
153218
84651
643394
81545
3360
154
79628
22885
134265
134266
78991
27190
1452
389337
133522
5145
1836
81789
22993
1436
5159
1044
6534
815
340075
6949
972
6208
3340
11346
91977
55696
51164
85027
345611
91975
2878
10318
309
26112
2760
285641
153201
206358
2196
6678
475
100652758
10146
2741
56923
2890
10827
4238
55568
79685
9421
23367
10826
9337
25929
29093
285643
6444
91937
26762
84868
9443
153745
3702
26999
408263
8728
348938
11063
100190949
54974
134353
9685
1879
153830
134510
3593
147
7265
114825
2172
79616
