114770
126410
11283
4051
66002
26538
26532
284433
26539
8529
57834
126541
7171
4218
84941
117286
26017
8907
10365
58513
125972
84167
10523
79939
9441
79086
79041
284434
23309
9002
27151
93323
4650
55850
79629
2063
83878
29086
126549
79575
64981
79016
57719
84705
83483
684
93343
100130519
115861
376497
25796
199786
79709
23025
55201
23149
10331
3640
3718
6142
6528
115098
3780
27106
3594
23031
5296
10437
84769
5864
5143
80726
3727
25804
54858
9518
126364
170463
51477
8178
23770
79036
7311
55049
9244
25789
55295
23373
1311
5976
2657
10715
11316
