23200
54165
56922
27074
23101
84002
89857
54800
55689
79929
55486
10057
200909
170572
285242
8893
1857
1173
55324
90113
10195
9718
94032
5708
1981
131408
1181
5437
7066
8646
2049
64110
23355
285382
1962
9175
90407
200879
59343
10644
6434
2119
1608
1427
55171
51726
197
26998
3273
3827
1974
5984
9370
6480
116832
132112
5648
64108
6750
344892
604
4026
285386
8626
55214
9076
10686
131920
3556
647309
344901
257313
152137
152138
2257
151963
57110
344905
84239
4976
3280
1370
131578
2814
79572
93109
55341
131583
152002
23527
5504
347
200958
