9024
81532
1850
101927562
387264
440021
387266
387267
439915
100505570
440023
402778
1509
90019
7136
4046
7140
6150
723961
3481
3630
7054
430
29125
10077
975
10078
29850
3784
1028
5003
5002
7262
4676
833
114879
386746
116534
7748
116969
417
57053
4928
27315
391
6786
6240
143496
6737
119774
390036
119772
143501
143502
390037
55128
390038
143503
81285
256892
119695
119694
119692
401665
119687
81282
79324
401666
401667
56547
119682
119679
119678
390054
23538
283111
3043
3045
3047
3048
3046
79339
79345
282763
390058
390059
390061
390063
390064
390066
50613
143630
101927763
