3219
101060400
84366
360205
10481
284076
10241
516
65264
11267
2695
10642
124872
2793
51225
162466
22834
5245
4804
11248
8405
10237
81558
11143
255061
729220
1748
1747
3675
5164
201191
84687
6442
1277
162461
64132
51264
146956
55379
80221
1101
55316
84073
55040
64847
8913
8714
91369
51747
124857
10140
9043
654364
4830
4831
54799
51096
56934
100506650
84643
10040
1353
252983
3131
23531
55273
58488
162282
9241
339210
8526
7706
8161
59342
8165
124540
101927581
51649
404093
7716
101929185
6426
140735
26689
124538
8288
54903
4025
4353
9256
6827
54894
124535
