196294
26610
5080
5954
7490
10480
493860
79056
79832
91614
55346
1479
10114
25758
100131378
966
26273
4005
4076
55226
25841
847
2001
26298
51074
8050
960
6506
25891
24147
54765
143458
29099
79899
7189
5896
5897
119710
57689
8539
55761
51144
221120
387763
390110
84680
2132
60529
3732
90139
9537
56981
101060179
57586
8534
55343
1408
9479
143678
9409
120071
51317
90993
8525
4192
1132
55626
283254
9776
392
79797
2147
9793
4038
79096
84364
29763
1643
53
10062
8567
4607
6688
91252
5702
5913
10658
114971
55709
4722
399888
114900
23788
