170689
283171
399979
50863
4978
219938
22997
83700
23310
112936
29087
27034
112937
89944
27087
440073
6539
6540
5927
84318
283358
4815
65125
5893
23085
144699
81029
79602
93589
654429
196513
775
2288
55846
83714
101929469
2305
83695
7289
7004
10867
56341
84766
57097
894
57103
8074
2251
57102
10635
8798
10566
4704
26290
3742
3736
3741
4908
57101
7450
928
55200
7132
6337
4055
939
55080
6843
51258
9918
2597
25900
4839
1108
57121
84519
51147
171017
196500
50813
8079
5763
3902
920
27239
10536
2784
83461
8078
7167
84727
10233
2026
