5801
7103
8549
196441
83591
55266
23011
64786
121278
29953
552889
3747
84698
256710
144321
11010
11103
22822
4673
79738
114882
23390
1466
144455
89795
6857
5074
4659
283310
374462
4618
4617
8825
79611
8499
29080
84190
160335
55117
144448
84125
8092
9182
4922
25834
160419
91298
80184
160418
4254
1848
282809
8693
100528030
490
196477
1833
11081
4060
1634
256021
694
574016
574028
338809
440107
8411
11163
7334
28977
8835
8738
10154
51134
57458
55967
7181
55785
55591
10988
84101
59277
6636
120935
144193
3034
4048
2004
5128
144535
121441
7112
5250
