144983
10910
11061
5100
10562
122183
729233
729240
729246
729250
27253
81624
81550
64881
101927016
5101
57626
1602
440145
79866
22894
10464
688
11278
9882
170622
7347
4008
729420
115207
730249
1203
26224
23077
8796
100129307
122060
1910
5457
79596
64062
54602
101927216
10253
114798
84189
26050
2262
10082
1638
23483
160897
11166
10257
9071
22873
5611
55757
266722
27199
10150
5911
3843
10160
140432
8428
6564
23348
337867
2841
1880
9375
171425
85416
7546
5095
87769
84899
259232
9358
2259
7174
196541
643677
93081
79070
54841
100533467
2073
6555
267012
1948
55082
