60684
56977
133121
3660
836
201973
79682
2180
391723
291
57587
83891
55805
353322
55325
441054
256309
27295
8470
7098
25854
285440
3818
2160
4543
2195
132625
205860
339976
2483
448831
153478
389257
133957
6389
10016
57491
11336
6550
55722
11076
653082
79844
65980
9319
85409
10723
101928793
340024
348932
7015
81037
6531
79888
64979
4726
50805
153572
153571
79192
170690
23379
84246
134111
54888
6715
11044
108
134121
4552
79072
9037
50834
134145
22948
134147
10299
83853
651746
1611
1501
1767
7204
54491
90268
56172
23194
441061
90441
54463
4651
10409
1016
