2859
653437
375318
547
189
79919
728763
25992
130916
23178
5510
50636
3069
101927509
4735
9855
10494
666
51078
23192
1841
84289
728294
64090
129807
5133
285093
285095
245938
81623
140850
245939
140881
400830
140680
85364
6666
80023
57761
10616
128637
1457
6939
140809
85508
113278
83541
51378
343637
9491
55321
400831
642636
9751
27111
2280
55968
284759
128646
10326
55423
140885
5173
140901
388780
7053
343641
6628
79175
117532
10528
3420
57593
56265
128653
100288797
64773
64601
5786
2797
64949
5020
551
22888
60493
9762
65992
3704
83959
25943
8455
64096
80332
