1822
113246
5777
11331
10436
10162
716
51279
83758
9746
5830
341392
283316
9332
339
9573
359787
170482
360030
79923
144195
6515
55810
719
25977
50856
440077
55138
93978
338339
26253
57379
8076
57494
144568
1911
4074
10219
2
5858
728715
408186
3820
29121
160365
969
51348
9976
100431172
387836
160364
51266
387837
283420
51267
64581
4973
120939
23710
3824
22914
100528032
8302
3823
3822
3821
55110
55359
8531
50837
50836
50835
50839
11272
5554
50838
5555
50840
259296
259295
259294
259290
259292
259289
259293
100129361
353164
5544
5545
5542
653247
2120
79370
