84444
55111
8175
268
126306
4946
374872
645191
51690
56928
360200
26517
84823
4616
101929097
2788
148252
29985
6449
7064
115196
148254
80032
126295
101928631
58492
79816
7089
166
2767
2769
8698
56926
60680
4782
284422
83475
51343
126321
100128569
10362
126326
6915
58509
23396
27134
9546
116541
84839
4145
23217
85300
27231
1613
1938
51588
51341
5605
84699
51548
170961
10148
55702
56961
126259
79187
55620
84954
6455
10036
80700
84717
729359
440503
116844
10501
126282
56005
91039
100131094
55527
148022
10226
645432
29128
23030
5802
148066
9667
6294
125988
374875
25873
