3488
7141
7145
285180
3579
3577
10109
151306
14
25953
64114
375307
6556
58190
7429
57695
9125
84812
7701
617
64320
27148
9654
1593
53632
7475
80326
8941
54738
1412
255101
3549
79840
151295
27013
79137
130617
10058
79065
55139
79411
8576
7277
3300
5798
389075
23549
1674
10290
100996693
29926
55515
79586
130612
23363
3623
114790
6508
2043
5077
151278
130367
10056
116255
2181
23704
7857
130340
57590
65080
5270
79843
8452
55619
57624
3667
84236
1286
1285
56947
79853
3267
56918
80704
6364
164781
80309
55022
92737
9320
130888
151473
3431
