55964
164684
4668
150368
91689
4700
1565
6942
150372
27341
253190
84271
1727
267020
53947
26286
11252
25809
638
27349
706
23170
80274
758
64800
25830
150379
80339
25813
29780
64098
85352
84247
55615
553158
23779
112885
10762
23313
7380
55007
27127
26150
2192
25814
7477
55267
5465
150383
10343
55020
51512
55687
9620
23151
64781
25771
25817
348645
23774
9889
79087
79174
415116
400935
164714
23209
54456
56666
80305
83642
85378
83933
6300
5600
23654
414918
9701
6305
79924
55586
91289
29781
9997
1890
440836
113730
644186
1375
1120
23542
410
85358
