205327
129450
79568
26010
130535
151246
316
9689
1195
53938
60491
4999
285172
4709
8837
843
841
130540
66008
55437
151254
65062
58538
57679
65061
8324
100652824
7341
51602
659
150864
130026
55759
79800
65065
57404
10152
65059
940
1493
29851
117583
8828
54891
4719
1933
2825
57683
8745
200726
391475
130752
22868
130749
8609
1385
151194
151195
7855
389072
1421
1420
1419
1418
389073
3417
200576
5746
4133
285175
6120
151050
33
4632
10314
1373
2066
22807
100130451
79582
402117
580
26154
471
2335
55686
55825
92691
7520
57574
50485
6168
3485
