4477
8031
100287932
414189
387680
56624
259230
653308
29974
5592
23283
22943
4153
65217
100463289
11130
253430
55847
7321
7019
80114
84457
220965
220963
100507027
8030
288
983
9886
219623
219621
84159
219790
22891
84890
1959
29982
221037
221035
29119
347731
56521
23411
26091
84665
220202
64081
3189
55680
1763
8034
80312
55749
219736
79009
9188
26128
5552
9559
6832
80201
3098
6865
23555
50674
219738
1305
55506
84883
219743
56681
5464
64106
55222
1979
4838
27143
5551
140766
219793
8879
5092
219699
55315
64072
414152
64115
5660
9469
9806
51008
119504
54541
