4222
50964
1845
284067
4356
146894
4355
5539
5697
162417
84336
124801
92579
10014
78995
92591
79089
56970
7343
6521
10900
51629
2896
284069
3674
23131
2535
284071
124808
80174
4185
10052
51751
9343
388389
2670
146909
10882
79877
4836
113026
79777
10614
124790
752
124783
9020
201176
9842
1394
162540
4137
246744
284058
9884
100506084
51326
474170
4905
7473
7484
9570
388394
996
4635
3690
124989
9520
3837
9755
30009
114881
124995
90506
90507
80320
6668
55163
79170
80279
51226
4779
10951
29916
8631
3211
3212
3213
3214
3215
3216
3217
3218
