4690
53833
8403
51208
199221
51146
51163
25852
347736
22808
83850
80321
55179
5291
668
401089
729627
389151
389152
56945
9276
5948
5947
349565
64084
287015
55186
92369
92370
253461
5922
646730
9616
131890
483
7029
256356
54464
545
5357
7220
26577
344838
23350
9435
285195
205428
5352
57088
57047
5359
389158
84107
7545
185
1360
1359
2992
6596
84343
1356
116441
4071
7104
25937
51122
389161
11342
5217
653659
9819
27230
83939
51714
131831
6478
7401
116931
29909
9934
53836
53829
64805
285313
344752
13
56670
4154
645843
5028
5912
152118
26084
