51699
144715
160760
79600
84329
5501
160762
4633
23316
144717
10019
6311
8315
80724
217
8550
89894
10961
80018
10906
283450
6128
5781
22895
4938
4940
4939
1840
8437
387885
79039
84934
115811
53373
80024
196463
10993
113675
64211
9904
6910
6926
23389
643246
79794
84900
8739
26259
54997
23014
4842
283455
5985
55884
54621
5037
51347
64426
84530
26353
160777
387890
5564
11113
92558
11021
10985
6175
5829
23409
5319
4440
1337
51499
283459
8683
8655
84274
9921
51367
9478
9761
84747
35
121665
6927
64897
8638
5027
5025
10645
51433
80196
