54360
55351
132884
2121
1400
389197
152789
7466
5522
23324
93621
6286
114932
55330
9778
57533
257236
93624
80273
57537
768239
60312
389199
84448
54436
94031
8310
152992
27201
8532
3166
650293
100287013
100287144
100287178
100287205
100287238
100288520
100287327
100287364
100287404
100287441
100287478
100287513
728369
728373
728379
728386
728393
728400
728405
728419
100133128
644414
101928948
1816
56606
9948
85460
116449
9957
9364
579
259282
132864
114905
57545
26234
285550
683
952
9982
83888
8842
202018
9079
5860
645104
51056
80306
27146
54876
64151
254251
9353
133015
80333
166647
57733
10891
1665
6649
91050
