83698
441250
9883
378108
55695
135892
8468
8326
9031
9275
26608
51085
155382
84277
114049
6804
83451
1365
1364
155368
135886
2006
3984
7458
7462
5982
7461
9569
2969
653361
84163
81554
389524
442590
729438
375593
100101267
3092
10344
6369
57414
5447
83862
51657
4191
101927160
222183
3315
7532
136853
7784
113878
80761
100505767
22932
57639
10875
54103
5782
222194
85025
57157
9863
2770
346562
948
10512
3082
781
27445
9723
10371
223117
2913
222223
101927420
9988
79161
54677
5244
5243
154661
55972
10926
53616
6717
79689
219578
219557
26872
261729
79846
