84661
6683
55676
58484
84272
57448
55622
4052
25780
25940
51232
9637
5212
6801
54497
253635
5610
391365
10153
55471
23683
25797
10602
151393
1545
64225
92906
130589
6432
79833
90957
729967
100271715
6654
344387
8491
130733
80745
6546
400950
91461
27436
9167
170850
57504
165140
23498
678
63892
130271
728819
51626
64240
64241
10128
5495
6519
9581
79823
6496
10736
55133
5581
2034
388946
90423
23433
5281
9419
9655
90411
57217
285051
805
4072
4436
56660
2956
80204
3344
129285
286749
11037
11036
3973
2492
9378
51130
100302652
494143
27248
10936
23198
