7681
54551
4692
23742
6638
8926
7337
57194
2562
2558
2567
4948
8924
645202
100996738
653720
321
23359
56160
7082
653073
89832
101059918
101060569
100996413
100996420
728498
101927579
89839
22909
54893
4308
283710
51621
161725
1139
653125
728047
100653133
643699
101928042
9824
6447
26585
342184
6263
57099
1133
56851
161779
79768
51234
9990
55505
256646
254531
23015
440270
57369
70
9716
54989
89978
84529
4212
145942
161742
283742
10125
400359
400360
7057
161835
11245
440275
6727
90427
701
56924
644809
100131244
5330
100505573
388115
644844
85455
90417
3712
22893
113189
90416
27079
57082
