100506248
4040
54682
118426
80824
1389
2842
1027
81575
51202
9052
55507
50865
57613
83445
2012
2904
55729
79887
2984
121504
55766
51729
144608
440087
420
4256
121506
397
5149
85004
5800
2059
11171
51071
729025
4257
55885
79785
5288
89869
93661
54477
121536
5139
53919
28234
338821
10599
6579
3375
79912
5965
51026
80763
2998
3945
3764
10060
55907
6489
9847
55500
6660
586
196415
645177
4033
55259
144363
3845
160492
11228
79365
8082
3709
55726
26127
51768
9412
728858
23012
56938
341346
8496
387849
60488
100287284
57542
5744
55297
55711
51290
