90871
5789
7306
286343
8777
4781
340481
9350
158326
158219
6619
11168
203238
100129385
54796
54875
6456
92949
158297
10670
54801
123
55667
6194
340485
25769
4300
54914
401494
3456
3467
3452
3441
3444
3446
3449
3451
3448
3442
55958
3443
3447
3440
3445
3439
338376
4507
1029
1030
63951
1993
100129669
286319
100506422
79886
9373
80173
64922
7010
54586
79817
56832
203228
158038
48
23586
10210
4712
138474
401498
54840
3301
55234
2683
27290
573
51510
4799
364
360
65083
441459
5646
54926
55833
25853
51271
347240
318
57462
84688
203259
