7188
343035
7779
4751
9926
25896
51514
5525
55248
29937
467
149647
55509
25936
128387
149643
28982
79805
90806
26750
5629
56950
5784
1063
3776
51133
7399
2104
55105
128153
51018
7042
127018
55532
2058
10380
55699
25782
4139
79762
54996
64757
3142
11221
79802
9015
375056
64853
148362
400823
84976
7100
55061
164127
388743
824
7159
23219
8560
4931
29097
80232
101928291
149111
127602
3930
55740
6726
2052
9725
10637
29920
7044
163859
3020
64746
83881
286826
142
375057
3707
5664
56997
8476
339500
65094
116841
339501
7483
101060022
89780
100506571
375
