23471
51110
389668
2138
9242
8989
9312
7013
157869
100130301
6129
157506
27067
55284
6921
54968
23643
56704
54332
51050
83690
3174
79776
5828
5569
51101
3574
11075
23462
28957
7163
65986
619279
55824
2171
5375
646480
2167
646486
3612
347051
79752
92421
64089
138046
85444
1875
401466
377677
759
761
760
101929601
101929627
100288562
85481
245972
157724
11059
51115
8895
54714
168975
138009
4325
8767
734
4683
1666
793
169200
64168
100127983
55529
51633
100130742
115111
862
286144
389676
137392
389677
91147
54704
1015
2669
25788
100861412
25962
54845
286148
55656
