9595
130399
90
151531
130940
8502
92196
85461
151525
29994
64844
9936
100526664
4065
22925
3694
5937
10010
10213
10716
57282
1803
2641
2191
64135
25801
90134
55137
2888
22837
151258
6328
6326
80034
2591
79809
6323
6335
6332
129446
8708
27347
253782
115677
57405
57818
8647
10170
4036
129880
10324
79675
9360
129881
493911
100526832
151230
6741
29081
130507
140469
389058
285141
2571
26003
9874
79828
80067
79901
1781
8604
8520
254042
1745
1746
3655
5163
11069
51776
83879
6670
100128905
29789
100131390
9541
79634
151556
7456
1134
1123
1386
518
80856
