55870
55154
55249
7818
54856
23208
6016
22889
339403
9181
6746
56893
28956
57111
92312
4000
64218
9673
11243
100527963
632
79957
23381
84283
112770
391104
7203
128229
57127
10485
4209
128239
164118
128240
54865
60484
63827
10763
1382
81875
51093
79590
3068
5546
9047
4914
3645
375033
149499
9826
440695
2117
83416
83417
115352
79368
115350
922
55243
912
909
911
910
913
128360
391107
391109
343406
391112
128366
128367
128368
6708
81448
391114
128371
128372
81442
4332
149628
3428
9447
57863
2532
2205
441911
26476
127385
325
1401
54935
343413
56833
