5986
2873
64118
2194
284001
9123
1453
924
6398
400629
2837
79701
284004
79415
26502
3607
56270
10966
101929552
79672
64122
6904
79755
146712
284207
9097
9984
81035
1068
27098
494514
7298
55556
7525
116
64863
10403
23347
84034
9663
8736
10627
103910
7050
9229
642597
7541
23136
645369
91133
79822
284217
339291
5797
201475
23255
4729
23253
57045
10928
9989
11031
84203
9218
147495
8774
101927376
63895
646000
2774
57132
65258
3613
342850
1149
84617
10939
10650
56907
56984
79959
5771
81929
55125
753
125228
8731
4161
4158
162655
388468
374860
6093
