3002
29091
4857
2290
5587
55632
23256
1690
29966
11154
25831
25938
112487
2856
80224
394
9472
64067
112399
171546
55837
58533
1073
11177
6729
283635
55012
9692
5687
4792
84684
253959
84312
51562
253970
7080
26257
5083
89874
145282
3169
319089
6751
161198
10484
8487
122553
5411
117153
4253
254170
145581
84075
122525
54813
23116
55015
2287
57697
55320
140801
161357
6235
122769
6166
4247
55172
5427
122773
23588
9147
382
79609
6655
79944
27109
8814
11183
51062
60485
51199
145447
5836
114088
81542
122786
54331
51637
22795
5729
5732
57544
283554
