9110
5414
284083
56155
5889
22843
4591
348235
55771
55181
284161
388403
79665
1213
51651
81671
51174
6198
51136
63897
762
84669
124773
10513
8493
54828
101927855
6909
388407
9496
342538
83990
57508
9969
146779
339175
11011
9902
162333
26115
1534
1636
81033
10238
51204
4215
80774
92335
57003
11325
117246
5705
6603
1443
2689
1442
1444
2688
974
6329
92340
3384
2081
55852
5175
284021
11232
1655
90799
64750
374819
10672
8787
8313
201134
350
5578
27091
27092
786
9931
101928021
5718
26207
25926
2186
284018
3838
51321
22901
9120
55062
5573
