51109
145226
23503
5890
100996664
677
87
8816
55218
57452
2079
55334
400224
56936
9766
6430
6554
64093
6547
51241
100529257
55333
8747
8748
10001
23508
4293
22990
26037
9628
8110
26094
53349
58517
5663
89932
8650
399671
79697
641371
10965
122970
641372
83544
9240
91748
145482
57862
145483
51004
957
80127
4329
91750
338917
5826
55237
646658
10577
122961
4053
9870
51077
56252
283571
1743
83694
5228
8892
27030
97
79696
91754
10972
2353
122953
10538
55640
11161
23093
7043
112752
55668
2103
22846
23357
145497
64207
85457
283576
57156
58157
29954
