54788
10367
90550
170392
84647
5033
25961
11319
317662
23234
51021
118491
310
118490
5532
159195
58529
79933
729092
9632
170384
118487
23053
8509
818
414236
5328
7414
26985
132
23522
338599
51207
142891
7417
118881
84858
83938
3778
9231
11128
6229
57178
10105
219654
143244
729238
653509
729262
6441
80195
219348
311
4143
143241
84332
84293
81619
387694
10718
27069
387695
92211
340745
26103
5995
54462
2894
23063
94233
11155
657
79812
6623
10974
119385
643161
2746
54537
728118
9562
9060
84896
100144748
5728
55328
142910
8513
643414
643418
340654
118932
57559
