256223
50674
100652994
26228
84624
7287
221150
4322
26693
10214
400952
84929
1761
84665
285180
84000
1134
140683
65266
100506912
646
55283
204801
2515
118425
9075
3933
54143
286234
647060
93650
387911
342527
389730
199713
3816
100507114
22953
3769
341019
1293
6910
2981
54102
27136
401109
91828
3938
58524
644945
6318
26648
55244
375337
113730
154075
64220
64591
26251
218
30062
340204
5275
440900
60529
2846
196410
26526
283748
337966
285311
145858
115701
117286
164633
128859
360203
765
8516
574537
4342
148581
54101
26716
123745
114770
54626
642484
91807
8854
140258
100507166
441525
146
5858
151658
8842
28234
100130264
440910
404550
150160
126820
4593
6862
167
92552
10736
8789
57663
339967
147372
83853
163479
161003
6943
387885
387700
9242
400578
646324
7276
56033
91227
64096
8739
57818
654346
219995
728208
200772
219348
654412
401463
4142
80086
135886
6423
83539
80125
255130
2922
341676
144455
8022
8701
51659
149499
100132891
133923
144809
1829
730112
399949
79747
100874330
56159
286207
54766
94027
139212
201625
6514
160777
440585
133690
2348
100505878
100507377
150248
4285
7038
146802
646024
7137
132243
84668
100506110
401124
948
283080
257062
55959
352909
150483
138255
132671
64399
64446
144481
200403
3753
401551
728194
80736
474354
389161
100652824
93233
10631
2169
9626
406983
646576
83659
3010
259283
496
401285
100652860
54492
153643
440446
221262
153579
254099
285313
1908
401934
10655
114827
8092
100129175
100287718
27145
58158
3568
168090
6694
161502
253582
136991
23627
5918
9182
157570
5366
56902
200162
1444
3578
9971
5318
1462
121227
1555
339894
8013
55567
149954
5075
4233
57419
9119
26707
9576
92340
83894
4922
54657
100507222
343263
388701
23308
494514
136332
66002
79838
147710
4909
388611
402569
100287114
2220
2028
6354
100506154
121601
155465
84084
414235
255101
81621
51438
646168
221409
93190
153478
590
10149
54088
254173
149466
79645
283598
646424
650368
8647
89872
27120
389118
84850
129881
846
389033
222967
55079
343521
57593
9424
139105
100506813
10917
10242
1447
286186
136288
619207
56673
374407
23237
9271
80122
55130
7369
136306
100128675
7223
4246
174
6997
83795
26154
135152
4626
8717
100506376
255119
9232
100289650
401944
124602
22806
7298
81693
2696
8829
255631
9620
84870
64078
80216
84962
3595
5737
148109
25903
1490
400757
4057
146845
2044
649133
259239
2302
114801
100128682
100
80217
8626
389383
5912
401236
8444
170572
3440
359787
9058
126767
134285
160492
5244
64093
389434
137362
26150
91947
255926
339807
8437
84125
348013
225689
387849
138428
387486
349136
26070
63974
401137
64843
6736
132203
53828
375307
4005
123872
100506899
130497
64066
100144602
286827
200558
400120
79633
130576
387712
27319
81696
23566
80129
349565
999
1770
23604
400961
140766
84303
51090
100506725
6549
1292
138009
50945
90
643529
84692
165257
100507140
54443
4105
151325
8128
8521
11173
6758
100462977
3680
387103
338872
201651
9770
131096
1028
443
6566
388780
79843
3350
479
138240
79789
54873
81849
10408
6457
3780
5010
157638
7201
153684
4051
79152
7368
158248
57405
143903
8302
8291
151651
3823
4060
57733
84628
54768
4336
5653
255330
145694
301
196051
100131897
27202
2123
4103
2840
696
643965
8614
114780
84504
685
283999
84722
57698
25790
94274
11226
59283
83543
84229
407738
554210
285954
219681
84332
1582
100129464
10085
134526
100131320
92291
6512
129807
4751
9448
92749
7293
359710
100463486
13
83867
1415
57571
6579
90506
100506098
10215
79856
4828
221122
23359
139562
283152
6084
92346
65217
388121
3486
4487
60494
407003
2861
343066
166012
57630
85016
79095
723961
79819
64084
149685
2065
339512
84735
8795
149708
144811
28968
83657
11081
28513
7022
286135
1280
91614
91978
828
1767
100133123
80705
50617
51700
4117
386676
130
10749
933
154215
348807
3293
80005
644150
149620
150135
4815
256815
745
9037
64834
286187
168620
5168
54885
58480
26030
84752
284415
57030
27185
3242
114299
154064
259215
7143
648987
83700
54979
2346
2153
339751
11275
131034
54958
7869
26585
63973
6242
100874029
2705
22802
53637
404770
285800
389177
9914
388387
57471
23495
116173
131831
8496
4861
10599
92597
4147
9725
146857
3488
54578
1902
441389
9839
4340
928
4837
6369
353141
158046
93377
200132
6101
2258
4885
83641
7444
93010
55619
94122
100506650
10468
57105
100874241
7018
9940
254778
100130733
91369
11135
5137
7043
83690
63895
285093
79908
11069
885
128218
4099
400891
8076
58476
26664
4887
1378
7058
64693
10848
221935
4645
55314
51146
8828
63950
149233
79825
9429
8612
89796
25878
4752
341883
6272
149465
128153
100131980
5158
113457
122060
1842
128822
9452
100874185
27345
116362
27285
85414
55450
374470
56650
399715
8463
3357
100506384
3732
1747
85366
7681
143630
51450
51299
8537
50859
26998
1846
8502
164380
7781
84144
5151
63967
127003
64077
978
23446
441461
284525
28996
345062
5156
2246
554201
92689
595
54149
5027
153562
4326
9002
6446
54886
3890
342035
79962
388722
4714
27106
100128338
387914
3142
115584
58527
825
815
10876
168417
1021
9586
9771
84103
89958
3371
3888
3306
4613
27296
26266
2558
123920
5129
170063
144195
94015
651746
8507
200407
9966
10351
55144
118442
53335
134121
3359
23150
23094
51228
81926
203430
23531
92999
56245
387590
11130
149111
57526
79658
1368
22843
6503
118663
1290
404552
29949
6696
10878
90933
23500
343578
9365
100874251
7087
164781
5578
26577
3822
5588
84223
9846
1299
1287
100506700
100294720
11033
85409
190
145741
5345
7122
51559
2709
9473
4920
51114
51148
148066
339145
2987
283547
92565
56917
440905
4803
59339
333
120224
6035
3920
79628
9728
255231
140628
8835
145497
253980
169966
8735
128434
8543
3399
158787
54622
91133
375057
23467
10636
23109
808
5305
91409
4761
256472
284424
55504
57211
100303491
9618
23704
26138
51555
972
28232
122481
220108
57165
116441
139741
4148
84057
8547
83656
10643
26022
100131176
4145
84281
83416
57408
26289
84879
254956
27087
161829
64856
80758
1071
90993
9536
8871
54437
3988
159686
80157
375035
166336
115350
1396
57458
148
4036
391
100287225
8073
1734
3166
118611
100505540
79690
50486
5818
256987
79785
51673
11145
168455
1553
646329
65125
138162
1848
79720
1551
100507127
59285
389333
481
23677
1288
8525
154822
100507484
10581
56062
9051
100131096
219654
991
84848
26166
763
1297
25780
1298
911
286223
9026
64102
344148
10083
5337
91607
219293
60401
2253
221184
63898
84694
23682
758
345895
8334
80774
5624
9890
26012
131583
633
132720
143241
25932
10411
10112
3491
55800
1117
346171
2274
115948
22905
79668
2888
80309
124222
132299
4062
1740
1284
28984
8631
3423
54941
81839
283385
3397
5996
344558
8577
158798
4224
7432
51760
3122
3429
3884
3673
349667
274
126859
53822
54331
9355
139081
4856
55612
1464
79085
9607
100506652
339778
3556
60484
2849
100130933
644414
11007
7130
119467
100506795
94235
249
5638
2693
11322
7039
114792
10439
127731
80177
84894
330
4864
128344
136371
26206
11012
23303
100129196
256764
100132731
11346
441864
402381
246213
124976
54830
391013
2134
22903
2864
51237
388942
154043
654433
83988
729467
124773
221458
389799
8756
4303
55502
9076
56344
324
114908
115557
7123
92922
6319
51087
246312
57453
162333
4900
50801
160857
29930
11141
116983
12
9738
162461
386618
731
1380
3280
54602
30812
64208
1800
6624
100286922
5334
4643
54361
646962
84327
114798
54933
387715
146206
100507464
388336
8456
677797
286178
8549
1052
284
316
283948
23671
20
728780
266722
54600
146433
353149
163404
400761
117283
152110
392
166
7477
27019
200373
10750
3904
10819
4620
10396
199920
643008
28514
163071
400553
4327
27287
4052
79841
347088
2778
406984
10541
147495
154
3781
64123
147906
254263
1059
126326
2016
7743
2256
6559
54457
9436
1258
5739
116159
84898
10507
79412
11240
403314
94160
1512
9317
89853
293
84446
8764
6414
5453
55924
79957
84627
3078
118491
51088
9510
219621
3598
29888
5243
9499
654320
2290
10266
3092
9514
11155
6900
79602
9032
1525
100874197
4685
79083
124626
114794
344752
51473
340069
150465
11076
79977
146279
22914
8492
3800
4118
56978
3791
6923
5354
2819
56899
7456
1417
1318
10900
91703
7053
55556
8436
5742
404217
6282
6616
57477
635
521
7846
100271702
55521
55248
4155
8347
5582
284600
100505596
2890
55740
1262
399694
440915
116969
10368
22798
151011
2
55259
1366
146956
284114
10953
770
3208
5296
100128496
64748
116412
1826
1974
554279
10788
57554
9095
1832
1630
23242
84639
256227
627
414152
153328
9615
6387
114822
117248
3381
119548
128821
162394
729956
8490
23416
3099
79730
10512
100134361
1379
23031
2124
1128
150681
29119
441167
116328
363
11181
79948
4110
1356
643311
10397
4753
5138
157381
100507053
5553
55653
23413
128611
83445
5763
26524
59341
57515
1282
650
152206
79012
3798
2170
55858
2353
58526
140609
54820
1123
347
337879
7975
54997
2549
9478
79740
147463
284998
1622
10769
2206
1852
163351
57475
1783
55016
3426
2304
66008
728588
54733
84689
64919
374
155
83942
28964
81872
1327
105
196
55861
9507
55061
9717
64764
375612
84536
51421
653390
100505834
134548
348938
3592
84899
84225
2917
100874282
100506526
656
5104
9886
51142
90167
2824
30851
7272
10826
11046
7001
84700
53630
3815
389827
4033
146861
3363
80303
401115
55554
65263
3123
2664
285
142679
64131
131540
1393
858
129852
79679
6154
162517
7363
25824
389015
10786
1014
116448
23507
399668
23026
93663
768239
128602
10610
131377
285834
23313
50649
1952
64097
645166
7365
7345
53358
89944
3763
30817
114026
8633
6001
3799
90835
351
83546
4070
552
79861
391723
9444
54209
286002
80176
284788
6128
220004
25769
400830
57595
1267
429
3037
153657
23542
57580
26256
146177
284194
10882
121599
1236
125488
221476
5648
204962
182
2180
81575
7135
10435
112487
2018
83450
283431
84886
81551
26279
140462
8514
358
6191
336
23544
284688
25928
2892
26539
9639
729
5376
90113
83697
3249
5662
144406
7431
339291
80975
8938
3109
642345
280664
5523
90557
7010
91179
1158
151531
127795
139378
57188
25876
340205
2185
59286
6171
5962
2782
1793
55757
8997
57467
50944
9517
7366
728130
5375
441670
387036
54558
2167
10409
10814
3848
5287
386683
55075
399948
199834
8831
8572
4634
92086
127
115677
339674
760
148014
401296
9956
5791
3849
58473
10887
92745
8877
145773
10110
54658
51669
25775
81844
4071
133396
8495
79899
3887
57664
154664
5803
85449
7305
6285
6224
6227
3761
3687
50487
2335
9079
6168
9479
64902
81832
2897
100507392
390664
285668
256435
6678
5552
57528
146439
389692
100499405
5450
563
11342
4974
5013
9414
245935
2829
23097
766
752
146330
6494
10732
150356
3428
1329
164395
130540
5480
5919
10161
50509
338811
5879
54777
131578
10472
10495
4124
6861
2318
5321
6424
25805
1593
23558
6585
3754
7139
3790
84525
6347
22998
642987
9053
10319
3105
2670
84913
3620
10486
647309
159195
100129271
360
145376
1404
84063
150568
1397
140
11174
121355
84966
89858
139221
55643
9638
51226
2996
4294
81618
146760
729234
27239
4502
117154
6161
144402
6281
3490
6337
100653515
1950
6019
116986
6999
666
151760
2556
388882
1471
55843
8721
3959
5205
100131187
100128108
283335
641518
145757
4632
2770
7439
415
56964
64377
347730
9535
1469
115019
11337
270
10894
9547
388341
51104
100505806
55615
56904
2197
126321
85236
63827
81025
201617
387509
161176
5774
64168
51291
100505588
158131
353219
85377
100505985
29844
4694
92421
55872
4880
84570
116447
9625
285972
8970
100505724
399814
5627
7434
100874114
3485
286077
91461
6518
57639
442191
6804
10522
340990
226
83849
5913
4973
284217
387066
56302
5978
2113
85358
976
23466
4286
57159
53940
85413
7533
53340
57379
440836
2173
57600
89839
4188
54753
100874086
5413
1051
55914
100129515
7050
4308
374875
5100
91156
9609
7525
27288
25777
1869
1849
147685
10022
283420
340357
221914
3606
29968
3231
57501
7178
219670
22837
6363
8743
55351
5788
7082
9516
5358
57705
493869
84951
4134
57491
4185
254128
653784
6305
152940
23601
5950
56169
286204
7424
3669
388407
448835
286436
254439
389337
5757
2161
100505503
80008
576
1109
7499
126075
26002
9241
57560
283209
3087
56956
55356
54947
284119
960
51270
3176
286336
1038
5078
51267
4061
85450
3326
8989
8519
100507144
4736
3792
170371
7047
400710
1410
23194
214
202299
352887
128209
8404
79742
25759
84561
4697
642394
4066
93621
3655
220416
79641
865
220164
84502
4826
64798
6355
652995
25938
6913
2791
6208
199
5101
9154
8314
58475
56675
253982
729627
25797
221421
283
145264
6506
100862679
220323
79929
5054
10716
1806
3181
10633
219287
57338
157983
57584
