140862
22829
55739
9718
9211
23196
114088
79903
388135
4942
5786
55515
6988
7879
622
83468
11272
64782
51157
1404
5162
7390
55337
6529
83854
63905
30815
5154
339674
94032
79823
9663
8928
8560
832
84216
646324
10319
5155
57106
100505695
84964
2256
92999
23466
9087
83849
9086
113026
6009
337867
64432
113220
11343
100125556
752014
9265
84572
128866
10316
3419
5791
10587
6678
389634
7102
3385
8214
255743
255027
50863
56674
440498
30010
90990
8821
440279
140885
10522
10006
113201
54788
338645
2731
2049
573
51760
51714
1514
18
56851
5037
858
9552
10675
5382
3176
60386
57184
79363
9256
54205
84193
64801
5476
5191
93974
55410
8824
650
7137
1363
3778
4722
55588
390916
127018
7915
83604
29796
401397
5971
6342
202051
51005
644873
22873
124411
100505687
2565
25924
51195
100507367
51102
8536
2897
6821
92960
79777
4255
30820
84632
115908
6835
100506546
51495
7108
196383
53822
375791
324
114984
2550
284312
253962
64940
83643
3270
54996
9142
8724
113675
79658
26517
25996
57713
54948
92170
4708
285605
6892
79868
130574
631
26231
400692
29903
9572
29798
200810
339479
10093
26012
80017
1628
147965
3556
4828
93210
8818
100134934
148014
654434
29920
8863
90203
57596
347731
644634
2119
201229
1891
25979
55170
23541
143162
25878
79629
6376
11251
285141
25858
5793
1892
9830
115399
56924
7036
80219
132
1408
5744
5525
122509
54849
26010
129138
578
84988
2028
246269
23554
4201
5868
7711
64689
64748
283807
84326
58515
84769
26229
51126
401431
1620
3487
80023
202500
126789
7037
9547
4681
339231
7030
114796
65009
119032
80183
8538
755
5621
54491
5441
1545
98
57502
221491
1140
51537
55163
1908
30061
7544
146227
6549
199745
10975
64949
84981
9948
388419
10099
23395
27175
10253
5438
4803
114795
124044
56203
284361
51061
1796
10907
51754
8382
112703
1071
4360
79770
57795
26297
51538
516
7779
90993
6810
84557
84304
310
56953
27254
92737
3547
5641
23640
1240
22861
10965
25874
91419
57143
2900
590
81605
340351
513
55317
122953
146433
64110
80864
6041
78988
2827
441061
54935
155066
57419
171568
126321
11093
51454
399948
1337
440097
5699
352887
79683
752
56776
138428
27243
29100
8287
10159
375759
133686
4128
4702
3479
219670
199990
374882
136853
757
64342
51103
199800
7349
5516
151531
1848
84418
167359
11282
10911
28956
3705
214
345757
2558
252839
84331
84824
5883
8270
81621
5764
9362
1329
284184
10005
51056
100505834
113452
81035
79590
374875
83460
10204
687
127943
90637
54677
9672
7389
56672
2571
199
6750
79763
389541
5270
112812
6415
125875
1515
57017
387263
148223
51390
60343
53838
50649
4838
399668
27341
1802
138255
83667
2487
594
284613
84309
5814
54360
145748
7126
79748
79095
81693
55856
10588
10011
3730
2812
2786
51490
23464
29763
26070
79751
22865
22881
6915
10268
6247
30
10135
4793
124936
28991
27111
594855
6101
8558
87769
345222
114769
246777
521
5522
533
27239
100287932
50861
9854
65263
23286
56934
6462
114898
3800
10935
64096
151887
575
9111
4217
115286
149345
58495
285315
92259
152189
152015
2170
339229
79159
283899
129080
8557
51368
375057
2395
10474
56911
23305
10471
51154
25828
10090
11040
79671
85358
51296
50865
1508
7857
145567
284346
375612
2785
91179
55840
25817
80723
51006
363
1519
51333
30818
4005
64802
5833
54809
81494
9214
25789
91582
8626
10669
84885
27351
374819
4968
100130519
1020
23203
128439
64928
5019
57524
53339
64981
79644
114905
161145
26090
317762
1471
9270
10267
427
51384
2639
7432
54985
55897
4729
9445
266812
1345
195827
221336
4731
137868
157506
441168
83546
163351
5293
9905
100506012
3382
55851
51092
9751
57110
9749
5306
170689
6183
170691
374387
64805
497258
3266
150372
503542
255082
285343
84520
162073
10654
460
2662
55790
83855
4145
90416
64747
940
11261
10894
10467
146206
8566
2021
54492
339005
339123
5745
339788
53
648791
213
441282
161742
255783
6581
4696
50801
79668
79940
4862
254102
54682
85359
26526
222967
58478
29801
388394
338692
120526
11260
285370
10242
650655
63827
10882
29922
50840
8079
93611
140458
100862662
1849
54884
3764
10591
440738
57538
5261
100130958
54998
1312
27344
6392
2987
53829
967
56097
6404
388387
83259
100507547
974
79006
135154
643988
147968
416
83451
23616
55225
286257
56
7295
56666
3416
404550
348
23324
5467
100289178
80019
9479
51693
10445
5499
80014
26267
56271
283377
375757
112752
55508
26025
6855
440894
56114
8216
56104
56106
9351
9708
5192
79058
219995
148398
55633
56103
91612
10800
2272
56108
4637
83445
56110
8641
920
2925
128308
10519
440356
387758
131583
56112
80142
113230
138162
1496
6001
55092
128414
2555
1634
56113
644596
10060
79038
41
7077
9241
94009
11041
84967
252969
4712
100506835
124739
81876
152302
79064
57105
40
10469
79645
4580
84222
116372
4253
347862
3884
2235
23416
81792
6711
1622
94056
34
734
9858
27143
147906
6150
259230
219333
56109
23205
25927
10439
2108
4701
4695
56100
51622
26157
83941
4907
116986
442117
2739
6866
64223
84432
123775
9940
284611
2350
7423
4694
23762
79632
6540
256586
149951
56923
286467
91300
140701
56099
33
6442
1534
115361
7262
1212
23526
11095
4810
129807
1347
56605
10124
23549
4711
56098
150209
29074
361
126259
653247
123016
4728
10329
4313
285367
340706
284439
10094
56301
334
23209
90161
3762
1647
440078
148423
114800
5908
9719
342918
22999
23109
64130
131118
898
441376
154822
25829
2863
54209
7177
9409
5819
151194
94097
10634
85379
25946
128240
2631
27077
5272
26032
201780
10554
1591
159686
137695
3073
163933
9532
84814
729085
84262
7434
126074
6641
84300
22977
84230
51643
58157
9235
50
8704
55617
28962
3872
8407
723961
79785
26521
58494
5098
1393
84439
51027
84279
80228
51744
132160
79856
10920
93058
9356
55150
6795
11072
1636
57659
65982
78991
339529
149473
128977
474344
169166
284485
100505532
572
51042
5480
84292
1909
645166
340591
84316
5368
23531
100130776
57026
84269
5478
153328
64147
100507524
144571
55004
83690
374378
28951
10290
440400
51109
79033
221002
57642
8636
285154
645121
51181
284273
79935
56954
9379
171546
7283
8490
100505385
10573
221143
1910
84779
435
23550
51214
190
406
10203
131408
100302254
27294
390637
11007
8941
112483
54878
728586
4878
80194
154791
6508
10184
25903
116843
83874
80344
23376
79017
65990
9699
56654
4358
8682
1543
27303
51257
22901
140576
150223
27069
340562
360200
2852
51660
56052
63910
84628
652968
57452
81608
79873
29085
10202
93145
3481
221262
9338
254013
5156
10857
84284
7274
923
8115
253982
8263
1416
6768
9609
79921
1761
5045
5300
8425
5805
1325
128876
171586
122616
5328
59286
55924
50813
9962
78986
10069
7070
9472
128209
200942
23630
199746
347404
728463
84925
4094
4716
2879
290
114990
65265
4018
153
7280
84631
26290
2826
8630
1675
440026
165140
3049
10686
132204
64881
10400
55915
11228
140730
4856
1390
114
9653
64788
120224
84848
381
2690
9694
6387
56894
2199
11142
55847
84934
400
29098
100287922
1842
6374
6538
56105
29988
51280
4771
124842
127281
497661
81848
25854
92305
79608
55643
6786
57733
84034
57159
414241
100505828
23359
84287
127687
200312
80760
64220
11059
1737
5413
5801
51361
26272
79679
51248
27128
79627
6622
167410
126917
100874114
100526739
220202
57537
10922
29079
10501
11033
912
259232
6751
124935
11230
84299
22844
81537
7087
116541
25805
79366
7253
5167
7263
2645
55177
51079
22870
10247
1145
84970
515
377
83935
8801
6687
51119
347730
10614
57348
1734
6948
221938
84310
2819
51569
10139
255374
5147
79180
201475
10692
100302236
51286
8569
116443
152110
255130
1050
120379
100506474
29968
5095
11092
2280
286128
176
90102
51705
55364
120
134526
100130111
1837
9096
160622
100628307
66008
4294
246126
254359
4814
8721
7905
373509
392617
399512
89822
25797
84935
333926
11031
83986
115704
219771
548596
26469
642968
29800
84707
145873
121340
10418
170463
57488
1066
1392
729966
10330
3693
10263
23129
730098
145864
3948
5479
645
221895
125704
10234
376267
4835
64975
25807
10891
4698
51019
54951
6586
55041
148738
126003
108
54414
8601
113828
340543
51308
2057
55437
26084
10266
81618
9101
55959
10998
401565
374877
91869
91107
51440
90113
27147
274
10243
256158
339400
200035
125988
152503
654433
254228
8424
9890
4111
4338
55450
55901
11193
90120
64081
5495
331
309
343450
85014
8831
2069
8869
25864
1463
8763
2687
1537
396
353
92211
54859
637
9936
55829
23584
445577
89978
140462
3780
654342
64092
57101
10771
50862
6717
130355
2262
221424
83873
390940
23563
57689
51016
5634
129880
84221
10016
826
255512
5445
2719
50514
662
79174
83648
1468
81873
320
54681
22941
79586
91452
8694
22845
10874
9551
90871
816
28972
8823
4205
79054
9452
120376
2167
8542
5127
56834
9429
100505504
1384
147495
7305
57665
144363
79148
5340
64499
53919
51083
547
83394
116835
4697
283219
54862
100873942
55270
8209
415
200734
285362
10485
54954
192286
3281
8671
5504
122416
3749
57636
84286
54065
93164
3460
5141
4832
146691
2706
8653
90488
388
64976
79041
137872
51371
1351
27010
9378
83547
56548
3937
3694
5524
57369
2953
10905
677779
199720
965
503693
4924
5396
81603
5662
10019
339166
143630
10328
219285
145741
79870
25837
92241
154664
100885778
308
9971
89958
57787
4037
54532
10755
728294
147463
57088
140606
148523
100507283
100874058
790955
50855
84895
23657
25959
55625
8794
57140
286207
79622
63931
254295
80831
100505967
27089
6331
3139
83442
975
112937
136227
222962
11020
7425
1954
8722
4291
81832
65065
100507633
3598
283592
7480
91703
27190
57194
80145
30819
114926
9615
164091
7075
5439
389
688
84435
22905
6604
203328
51700
53916
116412
55778
2824
388677
3265
55286
90701
6565
1850
2210
1762
3429
5118
1306
1101
10095
56922
221468
55916
953
9455
84869
9806
2286
2746
342977
137835
10476
64743
84681
292
1008
2572
51347
8534
57226
55679
8404
64777
100507342
9069
158067
122970
6923
4312
3773
945
84706
51134
152641
126326
3490
144481
151242
7138
100131176
390667
4234
5985
401303
5264
197322
344905
56935
3910
84064
5187
58191
23428
27090
5923
65217
55301
29995
5026
653786
27145
55884
7042
4939
80008
90050
6575
6300
100128531
29970
7932
444
154064
126433
103910
55366
56951
375341
57455
27284
8321
51072
55101
3754
1777
11309
9616
148113
144568
632
6383
7078
440934
152098
5836
79147
1026
8434
9037
56920
8578
54913
341
221091
2857
140597
1601
157556
728118
481
23012
2319
79109
83590
138429
155054
54795
286077
729911
493753
56892
10125
55352
51335
7040
83933
56341
5409
8744
56944
64386
285313
8575
348378
8853
2762
150726
10422
100505659
91608
79016
125228
414236
375790
8099
90411
115098
9874
25994
9411
113655
100130613
9709
3995
123264
30835
57338
54964
80143
26610
100874377
25972
51621
7781
100129845
5360
28974
1629
11161
10494
64407
100288413
93082
55300
57555
131616
1349
114049
10138
55651
1186
51669
10637
161829
4685
100506869
5594
126364
145553
130888
5064
11069
50943
79582
81502
27087
2681
5828
6804
23498
51313
29887
54103
6390
7483
1340
55863
5159
63924
715
25764
641
54558
4704
79135
2060
654231
2548
56943
2984
2184
9253
5536
326625
245973
10043
8910
29991
6861
221395
26018
54518
2519
11107
5818
80195
94234
1203
3679
3684
22955
64087
4692
140739
658
442523
51559
196968
148413
949
5664
55282
60592
83871
56270
90835
5509
2113
348262
27068
144110
100188949
5322
93010
26063
8767
4326
55245
27185
10715
114900
79750
64102
56135
94031
7940
65018
5236
54852
285203
8911
439
51285
283871
550631
847
84264
51315
2923
8908
1396
146712
440184
1032
7168
9208
6444
85443
9535
8862
79020
122618
123263
5723
23024
387755
6620
91544
23217
55258
8685
8646
10346
8804
353500
11334
90865
54456
56897
2004
100506930
84968
9752
29999
2896
84263
163732
56147
116135
26580
51599
100506753
167681
254428
11194
29985
56136
10516
256472
28957
53342
374470
55624
11086
2823
145820
79647
9914
166336
9966
8541
221223
729920
1436
56140
79917
136
152789
9071
25870
205
10451
5443
114971
55332
64840
22933
79722
83592
728554
79183
246329
644248
219972
58189
23704
11133
153743
388753
64951
3709
56143
2747
151056
9028
201799
5871
255057
168544
200523
25822
1830
8624
3549
64839
808
55273
93129
4900
100507043
54868
63914
5654
653689
27242
90639
9895
56137
2648
9331
5865
79094
55203
100533182
7805
100506668
84518
100873965
641364
2217
116238
57608
29106
340542
117531
400619
5444
260434
1414
4314
139341
56141
