5621
401548
283578
79772
7504
56853
22949
26999
7871
57532
1759
6515
51361
23365
23176
253959
10087
64061
57148
57709
26130
5869
135112
54765
6643
23633
9910
23338
1389
84301
4763
64854
25998
23731
79068
57683
388566
22824
23390
256471
79657
285175
6326
152926
23230
64506
56977
23732
54806
388403
5929
6049
57062
100505636
23270
159090
84272
3964
8832
5383
2769
9575
1657
221400
55228
55275
84376
140735
54726
54518
197131
2005
2887
8615
9749
644873
9348
8554
55870
57614
57478
256309
200576
79882
6619
1183
9778
121601
729515
23035
57589
84060
256714
26056
27347
201895
259232
10314
22866
146691
2395
56605
6519
23041
64409
55852
331
5538
22926
23305
23167
535
132789
196441
9342
346689
6812
5136
143879
4253
6262
120526
51284
285282
26100
10513
283624
26051
51808
442319
9844
2533
5007
253559
145567
84188
26046
6734
9498
84910
8506
51440
63908
57189
79184
9063
54737
55252
10128
10015
55175
93627
1213
153364
9581
58475
55750
10390
6248
9069
23017
60313
29760
11260
55333
9054
123720
9354
85465
11103
26224
283507
4552
10863
8411
148641
55530
9779
84679
36
53343
55777
84064
100505687
138199
2036
253461
8526
51426
10928
10384
26235
945
8287
54832
9520
55014
57168
554251
27330
776
889
127253
50717
9331
81627
203328
64710
139065
4720
5530
57095
55266
400841
79815
55869
4719
54899
23196
8927
4293
283455
10771
440138
160897
728730
9276
8518
54840
1606
8725
310
492311
57446
283820
55788
79745
9878
80821
23582
84947
887
55322
2566
3052
284071
83394
9099
9690
57551
1234
160760
7095
51377
22950
10261
51322
353088
158399
22874
23242
9378
673
7265
9912
23033
4074
22878
29068
81790
10125
11059
55422
9764
10150
54847
157769
961
57590
80349
8804
374986
5887
55356
10600
26128
408
3419
9217
88455
153222
83737
23025
50840
100507033
30845
1739
9737
100131897
11101
54877
199704
51094
9892
140
25769
80705
79609
5066
54878
389072
124808
201562
342371
55293
80003
5604
27098
1520
23780
84084
84302
51715
3800
4836
6772
57003
196074
10426
9829
8476
84909
1604
23362
55041
9185
2643
9372
23161
85403
22908
2259
1804
345778
26060
83752
253143
54495
90529
253039
9748
30849
57520
8869
9360
96459
10302
285172
100130197
9527
79683
102
7163
57463
7301
55117
523
492
10982
54438
29953
253635
3680
54749
2074
57511
22849
79993
64412
151556
22909
22852
64376
79893
25782
284697
8754
10564
64853
642280
160518
64921
339263
220202
6595
5801
8027
55188
23127
55177
54664
7763
80267
9197
11040
645121
8930
22848
23348
201475
219899
5631
599
79718
84926
9223
282809
9215
56255
23243
100505555
8653
124411
9475
64746
57484
6638
57562
5494
23261
23304
11216
653857
140883
4209
5537
287
27244
1272
8926
85457
3953
2561
266812
5791
3981
340481
143098
3320
125113
59342
80218
158931
283420
27020
29841
55061
9637
137492
54826
9101
7030
51528
9406
9525
3738
139322
3628
116442
57456
219972
7248
10299
65981
221545
4154
149297
2908
6197
5607
8522
55871
1353
10725
55109
955
246126
10598
81579
56704
753
55102
6616
55500
729911
3188
7102
27345
116461
7342
241
22924
57546
170960
168850
100129540
9722
10775
84162
10526
9652
23547
10057
5291
8674
51663
273
7109
55754
10618
5468
5701
113251
5596
22881
146057
7544
147837
645974
9847
262
23335
22829
22883
9043
11215
284273
161779
51533
80025
7084
5395
6001
100131060
55132
23387
85476
54812
9913
10114
139231
64167
8560
440145
644248
83873
284615
246243
340252
23163
1230
2775
127254
118924
23515
8540
4660
79956
4012
91369
80146
10905
253832
29058
8675
79800
10219
54566
51059
23233
9899
55664
201626
55425
80207
4952
6549
57613
87178
9515
92285
161725
79932
3454
83861
4905
23252
9066
6871
25831
2677
205564
10135
11320
23208
9481
53829
63932
55032
8539
27229
26019
51141
10098
51306
55972
57692
25801
9611
1314
54914
7458
79018
5073
57515
27430
79608
166929
10133
55296
9375
8065
56934
643923
140885
5573
57030
4287
23325
5241
391365
2744
8760
23321
6865
26751
80351
256586
10947
81537
4674
81609
4216
3756
56919
9108
1621
57118
23271
3831
7592
481
642636
94101
8605
6786
7259
55623
29978
5581
55069
6557
942
6327
5814
6534
9926
1620
55612
163255
488
282973
51227
55206
81602
8910
3376
6622
23092
5289
4289
116931
115294
59084
171425
9391
64417
3382
3778
6853
168451
54778
57226
64282
79576
286451
549
23786
25940
3988
91419
84549
51338
5610
57531
129049
5775
84698
55187
1030
23291
100132923
9900
2530
161582
148808
30001
1955
5910
100288428
64397
8473
1016
3326
9665
79088
84196
29966
441061
55814
2330
2332
9070
5089
5058
130074
23001
25977
4360
7168
57134
25999
66036
55529
400
6785
91380
9450
7743
29126
153339
2804
401176
285605
6801
221294
116068
3737
222236
55847
2124
1738
100131320
8434
80204
23312
1536
401190
6730
664
54943
79895
115
4591
112609
1121
81570
140739
57142
54980
116966
6400
23548
51277
387921
627
9695
51128
7529
7014
10690
6430
286097
7874
26578
83850
2475
27332
1073
64839
9975
258010
50813
23071
388558
154091
57718
5356
4603
9568
4978
84193
10097
10026
2571
5923
5601
80333
8864
386597
5048
92345
89782
55737
80737
23190
81034
79809
11212
16
25924
79624
57502
348980
4077
132660
85459
5788
64863
54463
22930
23116
140707
9917
11102
8887
10900
23431
54462
64798
11141
23074
25758
134957
1040
1983
55346
10282
53344
29993
195827
5412
27107
23077
51319
144577
966
55212
55599
164
904
5906
2803
2554
778
5580
55285
100873941
687
5137
11193
29110
100874212
9382
4121
132200
10730
770
84869
419
55625
55466
9086
2572
11319
8334
7172
23177
219749
9204
65082
729648
84735
57488
130507
202333
3765
253260
122553
54542
55297
257194
5534
25778
50618
100049716
4683
7776
261729
121456
55207
10243
284611
7706
23052
2730
783
25972
5001
4594
389649
54813
1740
1050
474170
7226
8867
205717
9694
222223
51347
340529
11143
79705
1524
387751
22875
57185
22841
4677
9321
2926
801
10565
129285
3572
84524
116984
3631
79699
26037
529
27154
2805
345757
9728
26273
9882
400728
55331
6456
3163
8548
9644
55328
119437
26190
9221
142891
2581
54842
114928
23259
79739
100885778
84938
9053
79837
9194
5341
257177
7405
9884
5717
3840
26287
2893
4217
56947
23235
10333
55605
4999
153743
80262
27032
83877
27445
148534
23219
54065
10284
9802
100131814
10939
26034
199870
10825
23536
10260
29970
9927
79834
9147
2794
9908
9166
10069
8745
8803
210
27101
54822
114088
340371
92140
57213
351
51265
27351
55773
3361
54928
6334
785
84945
8618
90634
54677
401474
1639
8932
79810
8567
100506634
7757
51010
27039
4332
339804
10309
55088
80829
34
10006
3606
125150
57573
84918
406
389840
54332
5798
83544
23065
79982
5218
55699
118427
3119
2806
6596
10352
283927
10391
79020
7277
9698
130340
8455
3267
339829
317719
5590
7447
152330
3434
317649
4130
387338
51046
100506365
96610
5170
10655
118426
11342
163223
9528
1432
100287896
8874
5789
4649
831
2780
128486
11080
50856
2713
23057
23461
79872
57120
84100
253782
122402
7881
286499
129684
59343
5925
221830
622
6854
100507140
199
145853
8050
4084
26092
400823
54981
55164
7957
57092
55722
171220
56675
5283
85865
3290
23341
51247
4891
90693
57708
3309
100128264
51429
56851
55039
1371
192668
65056
55831
400591
192683
220869
1742
60559
26268
8502
51573
118987
5903
79944
160418
25871
375748
57508
78991
11076
10955
55183
23516
84333
817
9211
51652
23096
285668
100128590
8604
23466
221895
3312
55745
6867
55853
23392
221336
6855
23125
26057
825
9813
25901
89910
6571
728554
221060
9868
6844
6647
123016
57817
79931
100129518
5931
22999
100131211
81873
2903
7404
57542
5711
79644
51075
118738
9529
9117
54682
1737
123775
5921
57659
441531
7754
526
221710
5532
3717
79884
10159
9510
8284
255919
9583
57191
5019
5563
23558
124454
23032
9825
729920
444882
528
100287497
84868
9218
100505385
6120
288
158880
373
8976
145241
10170
90141
652276
8395
51299
79269
11108
4644
23767
7533
54472
5860
57020
170371
2218
28966
57724
545
643650
246269
100506882
83692
23136
349075
81545
26225
10308
285456
8678
23111
10230
311
3313
11244
100129792
84912
55284
25861
90806
10777
164832
54885
340277
6814
55863
2123
9673
84991
134429
7008
51495
3064
6414
55204
200933
80018
91452
9014
23420
4704
9931
353322
134218
11041
10458
83699
158135
80028
100507283
51119
9162
377677
9796
100506544
134701
55617
1845
2235
9771
8763
4299
23301
2071
1591
100506540
2630
23408
23258
55163
29979
346007
100507367
2162
221035
80331
5515
734
65009
93380
127933
121551
5870
4144
23355
84254
51616
256227
3069
490
10038
346157
56271
54809
112937
285386
8458
375056
1008
83852
151393
493911
7559
11010
5067
124801
100286844
8195
84251
152098
23285
259282
81563
64393
2213
55197
23008
55861
51125
4199
256356
56650
1629
9897
10550
143903
51318
8660
284802
23012
11034
5706
6500
142686
9404
147179
7100
64682
10040
2798
389941
139716
5321
26507
57468
400954
2203
22990
57713
130752
64744
79041
54206
6558
51804
84448
103
26054
28512
29078
55607
11112
64149
151613
80315
348793
390616
100529261
122773
1060
1558
963
55234
64101
2181
4942
84961
1429
55323
372
25996
23108
8774
23609
26127
719
27122
57552
10059
389493
64848
10787
54545
51439
11001
7782
6990
2277
7325
9699
51531
83875
64327
9140
221002
1486
112703
9604
158747
400950
55751
9765
121536
1795
9530
79627
57460
80223
349152
388325
4675
4205
56986
51714
131450
339210
57798
117248
10894
57697
2965
114880
55074
55245
100288619
64756
9114
90134
60592
163882
56172
497258
100505876
24139
22837
54414
340543
29119
134145
170384
730094
3433
22884
10525
163131
400073
3308
83891
143187
23064
8821
54940
400238
55809
11272
4884
548645
4809
158471
157657
84312
6857
79572
100873965
9854
147339
57147
9887
5232
7096
117178
51341
28977
643853
84542
7718
23710
6884
219333
5522
144448
2729
3093
11154
7266
9746
81533
340554
7110
120103
147948
55153
7587
22887
154807
6875
3763
26953
7010
1545
23424
90273
11196
64805
91869
55680
167227
7915
84294
126070
129685
5306
7220
100506725
55258
55325
64400
91137
388646
6416
57325
6653
146050
55314
55288
9229
10617
3176
283537
10870
4179
220965
283755
9553
222234
5682
55666
64859
80342
5305
56899
51517
133308
84978
158358
132204
11127
7337
5037
90826
85445
57221
51290
284161
51390
8034
4361
133418
402055
6375
26234
84457
8871
54947
23011
342574
64581
5178
132001
9867
57512
643246
84623
85458
100303755
9586
1540
131965
254887
55585
286144
51422
8452
285596
152110
4354
221016
91749
7257
3175
3354
255394
255022
23185
3684
285362
7224
23357
64112
90488
388662
79905
5230
5747
4897
5876
79027
55719
55593
51028
4976
6310
8672
8891
388962
59349
22873
648
2066
23229
56889
55787
195814
22879
1653
84864
55246
151649
9369
120534
79912
2764
10669
5611
10814
5337
51095
10369
54937
117145
340351
137868
11168
143384
260425
202309
10438
51362
23039
57620
127262
9419
252969
55662
84498
55742
5297
51752
4780
4520
10767
414778
55676
55610
91703
5354
1368
1783
51020
5567
11057
100287722
440574
112950
339855
4261
91298
94056
9044
26515
253314
64965
54557
1182
25898
8611
9866
55361
57403
10380
51185
10463
3128
414328
1412
26049
5707
11024
4659
9648
10393
55768
130026
1977
283554
22906
284613
80235
22928
79844
29087
493753
29883
9848
54033
23367
22931
339005
23122
9758
131474
79157
10914
22903
9474
9532
57560
90411
79752
7323
91775
23154
81555
81565
151194
3845
3131
79991
98
80067
2107
9990
5795
100113407
29767
94081
775
55151
10346
10553
6390
54769
3251
5101
23080
285266
400916
8450
11006
7626
493856
139221
5566
25821
2570
6546
23479
116224
84987
3836
7562
100287922
81856
23007
10424
59338
22941
57282
339390
283373
139735
9338
128637
7381
57559
5937
80232
246184
394
376267
340562
79833
10569
23179
6000
6733
26580
10558
4711
54443
53339
9495
7879
832
23317
26010
65264
23244
64407
10622
3594
148362
4988
283638
54680
50859
10989
5594
996
6606
6041
7514
2857
3122
118672
79868
5168
65977
9901
57406
26091
2983
55858
7941
23047
84319
25820
7416
23514
7368
4355
695
116143
54805
55213
25897
10138
89894
654463
85365
2257
79598
93974
5027
10351
491
54165
57209
5110
284370
51389
9371
10294
57181
54407
57584
8565
9097
2550
8935
1193
23379
9472
3752
129450
3423
147463
1362
387263
9922
54149
10402
7528
5728
1756
56940
9724
10085
56062
445815
401541
79632
