1182
5611
6400
10087
259232
492311
55754
83737
23731
23338
821
64412
7109
84910
51277
342371
160897
10513
26128
10314
4154
3572
10150
9185
23208
1739
23233
55041
57515
64398
23291
11215
64397
5573
23196
26092
1362
1657
84333
57189
142891
8411
100885778
1389
23065
157769
59343
100129518
65977
23161
85403
25778
388403
100302736
8615
55161
7008
55852
79627
64921
81627
374986
79745
253635
135112
139231
153222
143879
23582
6867
57692
9581
26060
9897
57488
85465
79834
22908
54878
4289
401548
283578
36
55069
9217
55356
9927
96459
2730
23041
10525
23017
134218
339745
27020
23335
26046
8887
2908
201895
7871
6519
80331
84679
1629
85476
23259
23052
116984
258010
219899
9101
54928
4552
55207
2926
3419
4976
84251
387263
10026
400
1737
5621
161725
5170
140883
22875
56889
10114
23116
54462
64393
7095
9690
25940
79657
961
9525
9829
6801
148641
22841
55204
50717
535
23325
11260
139322
26224
222236
22878
7163
57463
10614
22930
89801
54832
23341
8455
1121
55246
262
116966
5813
23387
51128
55102
5798
4763
30849
2632
8027
11101
57062
23390
10097
10015
130507
10564
23001
8239
257177
5869
490
9737
84193
10905
64506
56605
201626
159090
140885
79365
57709
4905
26049
100506882
57542
16
55187
9975
9354
9331
8976
9097
10618
4683
51377
23064
6049
8678
10928
25831
143384
54407
9728
57552
9320
5601
51046
8867
63908
1955
164832
127253
56894
253461
81034
55745
3267
388650
9813
1183
11336
4077
54765
729920
6730
57468
9926
442319
85457
5781
56987
5291
23420
81579
140707
132864
284521
9917
7265
55361
6327
256586
23167
4074
56131
100507547
6733
8565
9867
125113
5130
6772
144108
401474
9420
79137
55109
25782
523
9848
23074
100129973
64061
253832
801
5178
79739
5048
1213
22909
100873941
127933
340481
57614
50484
57403
8660
118987
53344
9903
57683
283624
11057
80821
50618
11193
57531
103
401190
9825
23362
8986
9530
54842
158471
54495
5538
3361
8050
84918
23492
22926
54664
9517
5412
2744
6515
80218
4674
11080
127254
9801
54800
266812
5334
3981
149371
79982
23392
10767
127262
64710
22927
311
10955
79589
4967
4660
8065
8760
5073
27248
56940
51132
9910
55252
286097
118426
7504
9575
57659
7915
310
160418
285368
55293
7030
2581
4306
5903
283638
373
144577
9375
7376
51429
197131
7813
23012
57532
116442
55607
345778
23219
158399
3309
23633
253559
7172
84912
56255
3308
120526
26999
9779
3052
8540
57551
753
261729
57148
92140
23558
23376
56899
55297
64771
2005
9771
783
51752
6310
51247
253260
114928
9625
7259
5604
9117
9776
154807
22849
8506
7093
4594
4130
159
3778
27244
57142
5929
26953
83692
351
5660
57511
120103
163882
81533
4675
2805
151556
8774
116931
23710
7360
27122
219333
27069
54463
8526
528
4677
79068
84814
11041
84926
5870
23032
80124
23179
23527
317649
100506540
120892
7779
147339
51361
64376
55788
1738
84302
23176
1804
139735
79624
23127
23162
283455
529
27347
2799
29761
10558
51119
85442
5534
8674
29978
5071
9895
2157
23312
83699
60559
1845
1540
129049
399979
785
64409
10526
23786
84890
10125
8754
1509
29119
599
84230
79993
54414
55664
5537
4942
8490
23300
79800
57460
30845
831
51566
5494
642636
5868
8871
116064
2887
55666
1604
64839
26130
221830
2566
4974
220965
51449
10128
526
57456
7957
23035
1639
29993
55699
51018
54431
6745
114796
340156
205564
25821
3612
85445
23592
10787
51341
55175
11143
8539
8763
10079
5223
7905
9197
81565
9699
10484
9908
59084
9053
285527
221294
9882
8926
54534
27107
645974
55973
9604
84056
54521
285282
51552
2572
80856
84939
30001
259230
51014
2743
54332
23125
5567
10043
1399
9276
11141
2181
92106
4836
11216
26470
80311
54890
9147
121456
22866
28512
57003
55322
160760
26578
10808
80854
51194
55737
85379
7782
26750
6875
5049
3953
257240
10569
222166
3313
221002
146691
9899
92255
23466
59338
64327
8030
23317
79956
4649
57613
9637
7226
100288181
55972
6638
340554
8633
222865
51310
23336
23077
10085
54877
6416
84159
10444
81537
9107
9665
91452
7257
440026
9758
11212
80219
146223
169200
18
55032
84188
2983
8927
23122
9748
545
79699
84254
23111
54805
53339
171220
26507
25978
54812
83544
5241
6272
6711
9892
51439
200933
5315
996
157680
3131
23270
54557
372
196074
226
148534
10939
2060
2561
57508
5101
26032
23271
9751
10159
1016
26056
2975
57231
4012
7844
57520
115827
10725
51555
488
2259
64208
9218
55432
100131897
27101
9472
51665
22862
51382
57213
134957
26051
659
51768
1353
2571
26037
10313
54682
10396
284697
375056
492
255082
23242
2729
22903
84448
55676
100130197
6558
7754
64756
8945
283461
55074
55324
114134
5925
23365
26278
23230
55331
55610
10550
5522
23357
29979
200576
7529
4199
54726
9063
55197
26034
81555
5747
643923
3433
130399
22950
4286
84064
730094
10732
2902
9796
285172
22990
51517
5791
5357
6571
727851
91149
29767
2257
22936
55346
3064
11153
90826
168451
10479
10463
23285
25924
50488
9762
5128
22824
2560
22891
23305
51719
93380
9513
6857
23556
51528
734
253959
2629
56062
57502
80333
2557
84457
51265
547
5019
57092
25943
8622
146057
26100
6990
9900
29887
5007
221477
5395
2554
80267
57700
56977
161742
196
66036
29068
5110
4779
286451
8546
100128590
84698
55313
8864
51652
1185
5165
8514
653489
1778
9648
91137
10382
7143
27430
178
84162
54899
53981
55245
29982
57724
687
9372
26127
23120
144423
55753
23321
10129
115294
5581
64089
83752
3423
2903
4217
4209
9695
123606
55466
11076
2821
9962
79683
3977
9764
100506365
6326
2039
55611
4205
54472
55500
64854
4189
8932
58493
4591
64693
57609
9445
55529
5799
23235
4528
8898
2066
56981
10351
388662
283820
148808
11059
100507367
286499
10299
51170
55703
54749
51062
9912
23515
1314
9746
100128811
3251
57731
10269
221710
55259
100128264
55228
166929
205428
9738
331
26235
10059
25830
65125
1983
153743
60485
51059
389072
85365
7096
85458
57478
9475
254827
6197
8744
79154
1272
9673
203190
64112
84100
285313
84947
23780
9495
651746
79598
5602
22884
55847
29965
7425
5218
7763
10116
55212
27314
57512
22848
51185
284615
8777
55334
83857
81488
29110
83394
117178
338699
51318
51232
22865
85865
83861
5718
112609
25923
7277
9722
91369
273
57185
50999
116224
287
3920
9194
256714
987
79065
114876
6262
9666
51520
9863
4644
57590
6853
246330
64645
340529
83660
394
10384
26994
11010
10947
481
347731
1756
23732
23304
81617
56997
10884
54742
10231
9619
9145
8548
23011
4719
29097
5520
140609
2332
347404
8555
9854
114781
115
8878
54769
9687
26298
643853
1795
6334
23229
9162
5481
285605
10531
6792
146434
2036
5337
10424
950
8935
79837
51022
54828
84896
92345
9093
50813
5126
282809
7184
6814
673
79884
5562
400745
6616
4355
138639
8566
537
112937
2992
6529
2444
54443
9099
90411
3416
57589
6653
8803
25998
9429
5515
57469
3320
51606
124817
9922
2475
55206
65082
55966
55719
5137
5899
142686
22874
645121
54516
4045
57282
9778
6620
64400
5208
84640
152110
4891
55288
7743
23760
8522
117248
340562
64682
440138
4190
9703
57496
51313
23408
54602
152404
23096
54545
7189
7857
3988
8450
60313
79577
26289
10254
84897
9732
51141
7224
80262
5795
26973
55183
3836
10690
2114
8821
23542
164
57221
3685
55163
83873
123283
113251
2235
59339
6812
51495
9321
3093
8554
10302
79718
399829
29883
100113407
115361
55722
9135
10888
22883
64399
79647
56172
889
5814
343990
9529
10048
81689
29078
6342
1408
55922
221395
5297
55619
3760
57539
389813
23113
25758
84945
345757
64746
55831
1209
9709
8553
23261
54778
6786
285175
5575
26052
989
10486
54165
202018
57446
57095
229
58512
23424
54704
140735
3127
55173
64786
10277
79893
6041
160
51714
8567
7533
64798
84312
7381
2119
9229
196740
55284
7494
91775
118427
283420
8036
23277
54776
9211
966
7458
137492
124359
1780
57569
3736
151649
219771
65018
5097
5295
11320
57528
4952
9043
55571
288
2074
9559
100874212
55323
147179
66004
8604
4659
9498
23548
5283
51655
79772
10135
51284
64168
9515
23092
9369
84630
6196
254170
79719
6575
84938
5638
730130
51110
2107
26225
23646
54386
1607
4685
140458
23204
83849
6557
221336
23621
2029
9909
781
3756
9693
3454
81790
55527
26580
55156
23031
5707
140767
56913
5594
7110
84181
55144
145567
200150
3738
54438
150726
23479
644596
412
6586
57380
51560
349152
6785
6248
100132103
253943
7070
11245
80762
54583
23177
400761
55014
23516
8618
2124
9066
54206
57181
4299
1429
375743
51103
158747
348980
79609
4065
26234
5563
4638
54947
5524
10818
6691
360132
23185
92521
55117
54566
7068
245711
3434
440275
122830
79041
122402
51807
9527
57605
23130
55605
255488
2893
10294
56776
2734
51573
29953
9456
6526
1783
168850
214
90627
55870
1131
23025
408050
9784
6596
54954
266722
56990
26033
55742
9612
3376
25963
2806
728730
10687
284802
23047
23507
5862
51426
163255
5530
100287314
11127
254887
8916
51422
6854
9828
11342
334
64744
23461
4121
441869
6120
27445
10040
203859
64145
79694
622
9183
9352
23348
22853
84852
440435
26091
2531
8775
51669
4897
8139
3631
63939
23769
6729
360023
1371
23232
28513
1073
8999
23164
5532
548644
201562
3556
28962
51667
23087
9108
23080
7102
627
5058
129684
79018
57708
5822
286190
90806
6595
391267
57546
7416
7874
7704
84864
57134
167838
87
23142
5582
64122
23328
51727
134510
284273
10868
60684
5099
5214
50650
51567
5339
57118
219749
1977
3775
5286
10260
83851
171024
4124
152503
4097
6548
7405
26112
339344
5274
7336
80829
79705
10057
5631
56648
57718
51527
2824
160518
339983
3356
285220
377677
102
81631
1740
84978
154091
4293
1545
7368
57484
142940
81563
8799
11001
8452
25769
11191
11196
54944
10982
387486
399947
3737
54885
11319
10565
81929
3745
3717
192668
64478
54681
2932
80018
54033
57471
9743
51559
5168
11346
8001
55266
79634
3036
8832
1654
5066
653129
51095
5711
6414
272
54809
9481
201266
7798
80273
54981
23586
51290
8453
53358
493
5578
23258
54847
11261
100874032
115752
284611
51301
478
26503
54149
9783
23460
65009
9896
6000
3696
51389
8549
5588
4354
11103
143098
22895
55275
348801
100505636
54467
2804
66008
400566
2925
84144
285601
9228
5610
64328
644873
27072
4088
100189589
5063
57172
60493
64965
2180
5924
3845
29126
7532
23446
2794
49854
5824
1416
7357
148362
9874
79738
221016
50862
56995
6645
7292
1415
55030
1123
57583
100873945
7220
8291
51663
4711
5053
51362
163732
3752
3074
81832
6309
55164
5504
54893
375748
20
50640
8780
3344
8470
9931
10908
143686
50859
342035
51104
54458
6534
2770
570
94134
729156
114299
9685
25849
9823
955
128486
9805
439921
53353
7082
56243
254778
55231
205327
27181
200407
491
549
2769
140775
23236
4332
399665
134829
23190
151449
100288428
22887
4287
9615
55614
151354
8560
79905
114792
2549
26273
2555
257194
10133
6789
51028
4924
27039
10203
100506465
11228
55201
7447
5999
84440
259217
79839
408
83594
124808
57608
27175
3597
11149
54965
84735
5519
23075
9348
27067
1964
8467
55907
170850
161779
2134
79817
8082
10638
84871
6546
29070
54585
79991
10891
7301
23007
904
9583
100191040
9717
374868
161582
196463
256472
56938
221823
23673
139221
79932
4437
1040
158219
5321
3354
64805
57504
8237
57559
55530
2218
54205
10390
60592
9875
10529
26268
5788
9655
3360
7325
57521
57600
6579
2957
9532
4129
60558
3290
283871
5784
5001
79143
25898
80020
7402
131474
11122
56521
84272
25829
84277
9204
80028
144165
50944
23349
112939
84934
9821
4864
54014
5527
283554
9759
2043
80315
79810
27098
1653
221035
399668
91298
60370
50
54943
1952
2533
10098
54793
55234
389337
166379
51571
92935
727957
5906
2739
805
548596
255394
527
6695
55827
6865
54677
5289
55295
9736
443
23333
79953
2891
389941
23595
57458
5923
57020
2182
1960
23250
400746
23095
25897
143187
10553
80005
56311
80737
476
23413
100507404
10308
26031
7453
80067
440073
100127983
55186
253152
157
83746
9340
5874
5796
55353
25901
5886
1318
79183
3998
55314
153364
8826
51144
56945
5305
93621
79074
9844
54867
168667
146330
9444
9275
127074
80323
127733
79020
3656
776
83877
1355
10815
2764
267
6456
23136
815
148022
55008
5500
339855
84102
5354
100652759
4884
10527
56650
221400
10838
5026
80025
51440
3786
57026
79929
6444
389197
23770
51725
25977
90693
