7458
553115
529
27351
8263
23357
9099
2629
55245
351
9776
1798
56850
4720
64506
5037
54458
54867
10322
23315
127262
51204
26580
9854
78987
79932
955
90809
9673
10211
5660
113451
29965
6734
6327
4122
6441
4809
23381
537
1774
23017
10531
8079
2801
93426
9825
10525
8926
27020
1819
6638
50717
7453
100885778
23038
4817
83746
9275
55588
57062
2821
2805
79065
9777
54865
64061
4905
23479
124995
9489
23647
64689
7102
6447
9913
143570
55324
26100
5315
645121
23710
25979
11041
9093
23061
3163
4967
26276
23338
127700
4779
9114
83854
7030
51619
151313
22924
81873
826
84820
1639
10669
1185
55361
60528
7084
266971
599
9400
16
535
196500
1173
23558
5476
1571
146691
55666
645974
8565
63905
55593
9903
55168
24142
516
23410
5160
11334
310
9900
9828
226
10307
285367
2017
6293
221545
4705
79137
130617
51310
50
53
126823
50813
54681
11336
79831
55260
4836
9895
80262
23582
284615
2907
5590
254531
23127
1209
80235
64112
51400
7389
3257
6817
192683
10061
93611
11152
1804
55337
100127947
7355
896
54890
57095
10239
57692
2785
23420
10391
140735
27122
8506
140809
27339
29114
441869
171568
221002
374882
79639
80212
441272
100287428
374659
54742
84934
64755
54842
11076
203259
3073
51092
220002
91149
23492
10302
8775
63891
6988
54828
83692
9927
7277
8799
10134
3765
55352
7070
10382
7109
55090
5909
64409
5524
55041
25915
129049
23176
25829
79847
9382
3300
6919
5252
26232
51085
6535
55290
50488
79154
55753
51078
51069
60370
259232
84286
7226
1874
55317
4130
6786
79147
53917
1609
14
622
23616
22928
271
23154
84866
10868
89801
10005
291
64777
54849
84277
84926
65018
283871
8996
527
23113
222865
10057
55611
692099
5705
64122
149603
5223
4355
64118
23242
25864
23163
30845
80331
93185
51608
8120
90637
1186
55735
26056
4141
57414
64840
3029
582
55625
63925
100288181
56941
64146
9762
2036
91663
11140
6548
9909
4924
4190
1509
10058
8576
4351
57026
81565
85442
6892
10670
5566
23066
6301
5714
57659
9993
282973
5428
1534
8566
29993
9344
9784
653268
100506714
60386
100302174
10900
51517
83605
10444
5833
85358
9145
27034
114881
386724
2630
5528
22888
3718
64708
26995
118813
23070
54938
5871
144423
252969
79735
55182
2597
55108
51102
23787
124976
2145
11092
56904
9737
22927
23125
284439
254359
58504
29925
5073
340156
55298
200014
140885
267
126129
2648
22980
11230
51693
440073
55572
9028
51272
84514
109
10296
9149
148641
53916
51112
400451
100506634
1759
4123
54982
3420
64210
29086
1718
51573
55722
64760
4862
84987
4714
400916
729991
26001
55778
1145
27335
5798
55700
57410
100507547
4191
375387
2319
26090
5710
56940
435
5214
100130093
84065
26297
26284
26051
6524
51337
9625
285533
64963
81037
5601
84134
2931
10326
4248
51006
8733
3749
84342
54788
9577
51239
5071
55585
400073
66035
55662
283987
2874
79873
57104
90113
4354
492
3036
26070
55684
6311
6609
95
526
24139
8398
64771
84276
54814
79102
9796
4358
375
196463
83463
54776
25956
124936
100131755
283820
28976
84975
6512
752014
155060
57468
84895
10618
54522
23162
9751
27238
27165
399697
246330
55275
2580
56654
51292
2948
123016
5864
80142
376267
8878
374868
2952
79777
8729
4074
90121
8214
79644
554235
8402
728294
51763
8408
10598
100507034
80207
3123
6390
7165
91949
89910
399665
149345
55665
51451
65083
5875
3127
26007
51586
55228
29988
10908
8933
9066
5432
80023
8237
55902
54749
9185
25789
2071
84448
23780
50861
219539
146330
84892
100874173
4704
8928
252839
84447
83873
7008
10039
7384
55048
50626
10922
84440
6853
10347
25837
10273
51550
27175
5306
11153
6812
6389
54682
6855
10016
2314
92335
100129540
84909
375775
23130
5621
339123
2026
5568
100506462
162989
26470
140459
79837
10188
81876
84900
83694
56052
4723
50651
100131320
93210
56341
284613
747
9746
9764
410
23339
4302
10939
66004
5923
83638
400745
547
65009
1212
11188
9922
2664
200312
51654
6519
9524
51429
23367
22820
339344
4701
2588
274
10514
1351
51005
283985
57463
388662
90135
7064
83719
57731
84814
7920
23457
2030
1025
23386
2902
3700
124565
25900
2686
378884
51368
79143
79784
57020
285368
6499
100874032
112755
56342
5184
8678
51393
197342
10955
150726
60491
84939
311
1152
445
27345
23229
54707
5195
81894
3421
84326
26507
2039
5026
3425
4209
128308
10043
10105
8514
54414
5045
5768
8509
10999
7167
2166
26287
445577
2583
644596
55831
80347
79622
10947
286042
29920
4435
345757
2794
84630
114791
51195
90639
23646
65982
54662
50632
56172
29926
79594
128866
5261
5694
84993
54929
112770
4660
766
51081
260293
10120
284346
26229
10775
100132247
1020
23192
112937
79575
1797
199746
10811
113655
81693
85445
79672
80737
22883
80344
6616
25981
2894
51329
408050
57143
5905
3069
4943
56478
283373
80725
5799
26133
83849
9647
400322
11068
770
1327
6770
51341
8269
54509
55739
128240
574432
9727
57555
57469
322
6730
478
25830
23193
9912
55336
84182
203190
9091
63875
4835
25930
808
440400
84707
3299
440435
145567
55670
64137
79015
90990
27349
79629
162
3831
23542
51604
56006
161725
59271
27352
5690
85014
728233
58477
147746
83850
57134
10928
51149
50801
54805
23277
2879
9644
25771
210
55750
10712
51286
65992
29952
84289
55764
26231
6687
79641
27343
100133234
8786
84720
2896
283284
80325
4716
692312
27183
116983
9807
9605
727800
158931
9722
7332
10494
5604
54946
100133545
8314
29062
3783
1801
56926
9997
5817
64837
54862
11194
56927
128989
6773
91544
10295
114928
51157
1802
79567
5646
2769
254122
116988
11033
22895
55231
6620
55384
9842
79178
55655
6376
5538
23387
23265
57338
9146
100271849
6545
100133091
4946
2806
51560
23164
7376
114804
64744
28955
327
5430
90024
6468
92002
5467
9719
1780
84626
56834
8986
221424
51728
160
29916
79751
256472
124402
729234
9717
387923
22993
80148
140606
201514
4201
23148
8165
10309
23641
283638
138716
273
11182
11332
4728
5161
64978
9513
6049
1508
4814
56894
9552
1981
21
9681
90231
8722
100130418
27301
5201
23413
27077
6844
11272
51154
6878
6534
392
1742
55794
10641
6830
645166
402
10607
2185
25953
54472
55697
23770
50614
6821
55163
3098
23052
5126
5382
84964
55177
8927
9701
3795
100505828
54872
8943
5442
84254
84572
84364
23549
57706
1175
114822
20
492311
8266
63893
118
283848
161
284348
85378
51063
26013
50649
778
816
65263
25970
4185
55738
23096
5830
22874
641371
6647
541578
100129973
25974
80003
22870
92999
1838
100130015
79176
126003
23203
55069
57658
1455
22907
9855
4758
9054
254050
3064
317781
3675
29907
5141
286075
642636
374877
27069
9158
84852
5886
87
118472
199990
3656
842
9463
317648
51168
57558
90933
259173
11079
7533
353174
8907
162968
5154
3385
55238
84418
9883
5824
283130
26268
6257
51172
6621
118738
113622
440574
1636
78991
414765
54977
122402
80775
1340
56623
51433
123720
3361
100144603
84256
54480
5575
5595
64342
6448
23336
1845
90120
51127
79033
9127
163732
7416
9905
80222
89941
23729
314
9238
528
51596
126433
253982
5091
80864
23428
6305
339983
55466
5372
26999
79603
7260
6833
752
25766
92558
57524
64773
156
8675
25861
2778
6196
196740
7694
166
9670
8744
63908
145873
7732
6529
57552
374291
90203
10456
5339
83547
55859
9826
4061
29882
755
7259
51807
6272
3489
2193
9148
57407
196403
8764
309
5230
79671
6041
29780
883
84302
85012
114796
9829
29087
25999
2622
8760
54920
57446
57617
776
9970
92579
1329
80213
100131193
10555
79955
94107
3419
283927
23400
5526
26000
79991
29796
89927
284131
6712
9572
8605
51606
54939
79763
116138
7301
84836
284352
57596
91373
10195
8078
29800
9962
10314
783
84905
10552
89845
8871
3292
79696
113230
10131
10858
128977
8924
23025
29801
80724
117145
90326
55654
84446
55154
57576
55869
381
1635
221120
340371
9866
64320
2114
79814
115708
4043
2983
219293
59342
9899
55253
340529
3382
389813
163933
25778
100506310
23396
11138
51490
321
283254
283358
10573
51754
6300
8216
6553
57804
2937
5297
3767
23108
347736
3887
150379
57505
8131
344967
29109
4702
90678
29999
112950
6575
148979
57794
83394
79719
5016
4261
29944
55650
9311
118426
84918
10067
8000
10873
29928
91289
27239
29785
10637
91252
1408
7447
112812
9811
3916
9817
129138
7508
1039
154790
23324
23466
100132731
55624
203062
84461
54535
8567
64788
51621
23368
11253
3326
65268
631
5957
7593
26037
26094
2621
8694
124641
84771
104
3984
57613
23295
10300
57017
414918
6416
57605
9612
25901
146923
51075
353116
481
51073
30000
8568
28958
51665
1954
10921
1892
64428
55316
55011
506
79903
377
9677
11346
134549
23514
782
9844
29126
18
221491
832
28952
4942
284486
23031
146712
64897
57452
5588
84996
9479
4296
4097
28988
7433
8522
57455
57185
5818
6778
11285
261729
9578
139425
56246
728661
9409
118460
518
1855
64223
10815
283755
6050
10554
23207
100132272
100288974
54944
388403
3798
100874158
8541
66005
407004
55617
53822
94233
728642
79096
29985
333
83940
643988
4738
92305
121456
100271927
79073
259217
5162
55511
55530
128637
10231
78986
898
51257
3131
84940
100507257
84871
83933
774
389541
6440
8906
27037
23583
3290
476
610
113000
112939
5155
653252
23464
8517
57192
57130
192111
29100
388591
50636
56848
64130
1606
84557
284358
642946
26578
339229
286128
51428
653160
2887
2331
1307
11040
402778
126789
256714
85302
55643
256586
10423
100505746
8273
57644
54948
8525
54961
29911
2134
6875
146206
3995
7297
7701
2743
9391
5794
9143
727957
56970
5081
729956
26151
5129
55815
956
56181
378805
79089
6810
81532
55323
4715
342865
64768
3712
85452
139728
55072
1412
4255
55929
5605
3892
8869
79701
10553
283455
79041
79676
733
54777
54461
6854
8893
91039
285175
55246
2744
100129128
200186
23344
144699
3705
5522
57704
55313
6487
6927
5536
389337
51303
112
5127
200539
133121
30815
57172
5580
126321
55095
100128130
119391
5704
197322
57732
6668
11277
60343
64772
6839
255022
976
80017
3714
201229
11226
81932
5298
1556
5493
23349
8941
54981
3640
55315
5058
55030
51117
26519
27111
9220
23208
3297
2548
6772
81926
23308
131870
80162
65996
100507242
131616
169436
114049
4034
6857
388182
353500
26289
5641
148808
1917
9911
84752
89866
4352
9481
79885
11093
55262
645
55966
29
815
57213
81
54606
440278
114548
84316
30
10817
150223
54896
6430
1384
5709
2063
92609
5213
115557
51281
253314
1731
165186
158135
84283
51307
401541
55652
1755
340554
51253
644873
5463
570
5791
130074
10280
140707
390595
134
64423
57799
1649
81502
2847
8195
9609
9389
386597
9684
92521
23223
9853
64756
6339
140706
5170
534
84287
3661
10361
80227
8189
5434
55806
84619
23114
10248
65094
8751
79180
121268
79035
9361
10809
114790
203197
90249
9024
115
23270
387804
9961
3761
55621
11159
50944
7001
125988
148022
57467
100303728
282679
7841
9296
5986
10445
51308
51162
3623
23621
80700
127253
100316904
79953
100189589
9581
5250
10634
9921
2738
23612
135112
3268
399687
51116
11245
26164
333929
79068
4696
2592
91582
54438
23552
8611
9665
100874237
7425
92856
56948
5600
127281
65078
155066
9907
79177
199953
27124
83593
8291
127435
23769
100128262
57184
7975
105
84445
55049
25875
58485
113452
4600
4524
1514
444882
398
1183
84222
4880
84856
90522
140701
7760
23373
56912
401431
29903
29924
51093
152302
5310
114781
91304
100506930
49856
7386
7629
26160
972
692094
30849
51024
57118
3354
1522
83475
57030
127002
1795
2878
513
4731
23416
10489
286190
2873
729911
26038
23563
259236
127703
5602
3993
343990
374875
415116
6901
142678
112398
7450
148930
6557
83696
64405
169841
6891
9645
51011
4647
693224
404037
55222
9399
147699
128439
8437
3990
100506057
63917
3128
147463
112609
11343
340543
128486
84971
6900
57582
80210
10564
1128
221421
5300
2709
221191
23526
84315
51750
242
11309
79683
286336
440584
339855
89848
8578
9473
64965
127943
100506637
100191040
57210
161882
152206
9215
54785
10458
388135
283643
115196
4129
266747
51252
8498
196883
84861
9771
2170
147
37
64949
84335
6829
23149
79050
100130776
79085
339453
25792
22949
25851
51271
1314
79058
7093
4580
2272
2563
8803
81605
8260
23309
115704
55799
7798
80020
9783
54997
92822
1537
100506544
8945
8604
151126
83658
64981
5097
728730
116985
100129858
25844
5032
3120
8867
374887
7283
2159
114757
219738
8569
84769
116986
7314
27006
4725
80025
