127262
6916
3122
9445
3419
2785
8079
50813
719
26580
79745
8799
159090
241
10900
9331
400
3052
10284
714
10134
374882
7163
11147
2948
27069
54414
7102
56255
9577
2207
8926
26001
4946
90639
226
56851
712
7305
256236
6638
36
1519
8724
51126
1514
7805
8763
79590
4189
5870
84457
255082
28972
3113
23492
11027
3135
8673
125113
6647
51103
9604
10005
83877
92856
10159
5869
5621
801
59084
534
967
25874
132204
4688
3059
81488
58191
55742
5524
261729
54458
11006
55365
51204
5534
149345
10102
51313
23167
283377
219771
6616
23305
440400
1353
3572
51338
1742
84868
79993
5271
1845
5265
11033
3029
143879
51440
6039
3423
55611
10553
84934
5315
10203
317649
27430
4552
50859
28959
53916
51669
687
4973
310
5899
6821
3612
90024
9296
718
29058
64981
7544
51728
9338
7172
9086
84277
79982
127700
51299
84333
8678
291
11079
9016
8611
2743
338773
3108
339344
972
1737
79400
6391
286097
10286
6301
529
10302
7325
148534
100189589
1603
10026
54749
27020
1416
79644
55041
26090
6000
554235
91149
26994
352887
3131
5701
4694
644596
55969
55246
81689
25824
6001
2029
10558
23559
5110
28512
147906
549
2554
7879
4154
50
22829
83982
2805
8935
79823
25994
7008
4714
1389
1123
80023
83444
5217
8395
79015
64771
11112
942
27181
84909
22949
79873
8774
51062
1340
928
27175
51271
57414
1363
84996
5824
51646
57511
7320
400841
9912
444
10486
5270
199746
4481
90411
60485
3140
26578
25977
116138
5223
50717
11212
23787
3251
9275
9524
518
55788
79627
64112
445
84502
5532
2983
5641
56052
9762
7416
140767
9185
1191
11080
4358
8803
29114
2527
256586
91137
9114
55450
10438
728730
11230
30815
79154
713
55074
55207
5571
1520
5660
29887
78987
80333
22936
7462
10150
340542
23204
26032
11342
770
2319
961
26355
8674
7957
55245
64951
5801
83706
23012
197257
51075
4638
221336
201229
2597
5504
91608
90843
51110
7257
51258
10231
57030
6827
144577
140609
7060
60314
3361
55967
4738
84769
258010
116224
25912
2002
29958
5698
388610
3903
79056
2533
192683
11041
83876
2203
222236
7277
10870
644873
6688
963
23582
11007
114876
55973
4199
4715
100129518
397
26232
22927
148808
377
51768
4074
23710
27101
2557
29965
6786
1604
57026
3071
728875
9063
808
4129
80723
9553
56888
92002
81618
5019
5537
23205
55011
55529
112937
9211
4332
54810
642987
23616
9535
79041
408263
2060
2824
2039
527
63908
348751
2561
2629
5744
10965
10669
399668
1020
2124
8878
5788
548596
22797
311
51128
7070
54602
27248
79641
54518
55972
56849
5590
57446
25956
4974
94160
26519
9158
6518
55204
151531
9107
6844
8624
85236
1410
23125
54532
196294
93164
10006
219621
5476
9936
266812
10476
85365
84572
8514
55831
84100
10768
1465
7360
7915
90637
100128264
5950
55845
481
64114
2729
220074
5510
348793
8228
51069
5602
145567
100631383
968
6009
10959
6921
1486
284802
200373
2857
1209
398
7529
51652
7335
8270
9148
8050
23780
10063
4905
10955
873
58473
5547
140
140739
10313
10279
23531
7098
22924
100506054
2827
2764
29993
23464
387522
10924
136319
3937
3489
10125
4284
2555
84964
5372
10577
81929
8742
64756
9802
81671
2566
58475
307
4338
126328
10148
199
6772
7504
5165
400236
9364
79109
5567
79901
3822
8987
25805
51022
54664
716
100132923
26051
28974
2213
51170
5468
262
64506
9023
55612
4696
10998
340481
4710
51649
55008
55753
55328
113026
1121
100499405
51528
7447
80142
26353
29074
112770
158931
344
65977
6612
81537
55858
1393
9581
407977
11334
165215
57817
56650
26092
6988
175
92609
805
1974
401190
55322
122970
124817
118427
25972
55256
9087
4900
23770
1837
1439
7170
440584
51382
5538
10135
100133286
8910
6992
79752
120892
148811
521
2395
622
142940
6402
64854
654342
3594
1583
168391
27244
9934
55352
27239
7167
494143
79979
5862
6697
815
57552
10242
5516
4118
3117
2157
84925
10529
6750
5300
221545
157310
133418
142679
10966
829
57718
29844
594
4938
54968
11040
4707
766
171425
23641
570
6440
26289
6450
5601
60343
10920
108
728084
114134
100506713
7389
28978
79085
664
6271
79739
2280
23109
1509
89790
65983
4718
5867
3990
2628
85476
9093
56675
29953
3660
9488
80258
26515
28989
51604
778
83941
137492
56648
4716
56943
10882
8576
26128
2558
730102
51329
10062
253982
8536
5794
5777
378805
1211
23017
388650
22891
54682
730094
133874
22875
10471
5604
83544
11024
1327
7850
50855
3747
55847
2235
4697
2512
56951
54463
128346
6817
945
7030
54065
7706
81704
1051
493856
23643
55924
83861
6622
5236
51227
55080
641371
130827
1508
155066
4501
22933
11215
55197
25939
51144
528
81926
151194
51125
54585
153743
57213
26287
7940
3094
392636
25906
64208
7265
5346
79589
126259
51028
11152
79814
10490
4809
339123
54996
10069
5106
93974
60592
3823
112812
6456
4731
80763
6770
3689
966
254778
7323
144363
6383
59338
92579
10211
2992
55258
8850
120526
374887
79870
115557
85014
5272
10314
253152
10488
57121
3434
9404
5595
100129792
51277
55052
5058
6891
113655
8544
5412
387263
7314
166
29126
51185
64115
2739
11072
54499
55859
522
51106
219927
7319
896
6309
80830
100128511
480
6867
154790
2052
128989
729911
131408
492311
23558
51635
60673
6171
9848
27018
22903
26225
146206
93611
54209
246777
11346
11034
55315
6415
3123
220869
51026
55744
57132
4711
79365
3111
345757
84418
26127
10197
6094
3163
221143
685
80219
4435
83594
339390
8382
8839
79895
56990
283316
57092
27089
55540
29078
55151
56938
4709
9377
3706
25911
3107
29086
51003
7905
8754
1337
2571
757
4502
2681
10437
55850
631
7095
9332
6414
51633
10384
9699
51596
7263
416
27010
526
3685
10410
4499
152404
3109
10776
100507404
1880
27347
90701
83940
26297
201562
196394
79575
4704
65992
132160
56605
9530
1580
55146
53840
548644
8741
28962
54494
285668
140606
100131060
785
51550
51714
3437
523
445372
55297
23541
125
51257
1436
51807
146330
252969
22895
10573
387755
8876
10273
535
439921
4636
844
123688
728554
26112
230
12
84833
548645
7454
5515
29916
1668
118426
6404
2212
98
715
254170
5522
10993
2936
285150
3433
1635
8477
2257
51226
54554
25979
54998
497661
81034
79035
25818
100129973
2893
91419
100507417
10379
51666
53340
5230
652972
84312
1535
11142
3176
55317
366
64417
374875
3586
8402
6854
84304
64850
4708
387
832
23176
91368
7064
25953
58478
4489
10775
29100
51643
330
51286
50484
3556
11345
974
51102
1537
54557
374986
100874047
4257
25849
190
25764
85004
3073
91543
7485
134701
2949
23236
221491
56981
1200
5250
2328
728
64092
4880
84522
4674
563
5031
57172
1669
1040
84944
760
4051
54947
122773
51506
9270
5191
100862680
9039
860
10361
389161
283507
9403
84871
6451
4837
5341
8334
83943
225
4803
92703
200316
1300
115761
552891
8526
64407
122953
1528
100507242
79133
439
1390
399697
1175
254013
9751
84967
10980
56993
5920
143162
284424
6284
5349
22841
4493
4134
4599
26301
4604
8682
6242
122509
3790
100506428
55161
130752
2565
126969
147463
285193
4935
2790
11315
127018
9053
9450
90121
4719
916
400761
11326
134548
347
60489
54440
85315
51321
10632
4217
10804
10922
5999
374659
124995
5053
4698
9173
221060
55601
57447
6374
113612
132851
8655
100129128
8909
404201
79132
81621
28966
54097
9446
645121
9406
8347
51253
64108
22870
2954
105
51094
84897
5440
202459
9741
53342
55664
2697
84340
10923
1160
51390
10267
2123
409
3553
134429
339804
192668
282809
284521
83547
28955
4695
272
53344
573
55163
7923
89801
51389
26056
91768
9813
51079
131118
8372
91298
902
2023
8546
440145
22931
1964
116843
5376
89766
4495
9409
55337
730098
2214
84698
64699
6890
81533
5499
4758
113452
113230
26268
148930
100527943
140711
2709
1351
10368
132200
361
962
2987
56904
10346
221303
57142
91860
951
57380
23461
83787
26521
55588
388
285195
158471
10040
5176
2519
7381
25915
10043
1329
140885
400566
55840
84916
695
10634
79940
5008
78991
54566
150147
22808
55466
120939
112609
54878
23413
10621
50862
1174
4681
25770
80021
5201
116238
60488
79004
79622
4065
120379
10085
643246
51527
9367
51301
64231
58477
9784
256714
9218
6535
51706
8744
51024
399
55861
51619
55361
51655
10205
56834
23514
54946
100507547
3554
216
4580
100507367
10617
54432
830
100505687
4713
969
2272
3430
51191
51510
7432
400916
284071
10567
51368
5530
11170
1371
157567
10193
79815
27098
51020
83605
51571
26872
55827
10638
51084
51513
752
55168
8775
100129464
6277
116071
64077
283130
79634
55410
81622
10519
401397
100128750
5879
285343
56829
100130418
90871
79748
64744
340252
2134
64393
3778
5996
122961
885
51248
129607
56655
7087
4061
1573
10550
25789
183
10969
5359
51234
29986
7763
9069
64921
728431
100526739
100499183
10964
29091
145873
11010
8933
3684
81602
389812
26157
92255
597
9630
8722
340277
9166
128240
6390
3394
730005
57106
100188953
54344
51744
10935
2760
1892
6990
80352
147965
1536
5880
1586
79090
84910
9844
387357
100131814
100506495
64801
1861
5396
84520
55173
7259
51752
123016
100287932
10670
55530
1491
8988
387923
29101
83658
51573
222008
54776
654780
100506791
3988
4942
51495
389073
84284
377677
30968
26995
308
55101
533
10467
8034
3606
81628
100134259
127933
1088
56994
23357
286499
85477
131616
56954
5527
3552
57576
389898
23270
89857
6280
79719
4234
643382
400823
2357
79626
54332
23479
83666
84641
51422
27294
6640
594855
169841
285440
5696
55156
55794
9099
283237
5357
10219
4722
26253
201651
9111
255275
140809
55851
2639
4680
389493
100129827
57091
9101
9028
171546
1178
285605
25999
653857
157769
355
51149
2537
8082
3956
6737
80762
100287497
79966
23471
10810
65084
340348
874
10352
170591
64960
100128782
653361
84993
132332
84926
63940
80380
30845
653786
10138
3702
25891
6866
54769
64089
4729
81832
2040
26234
4121
84300
5828
29902
84217
50617
51504
149603
8802
8061
8428
4317
3855
100506462
51365
5274
113675
3268
10668
55670
100507463
4190
6717
8424
6855
8992
567
401535
8638
9
93587
515
29103
4701
10439
219539
8644
6563
79722
1016
10308
635
51247
1666
153527
10487
27122
4329
3663
5037
100506365
6166
10875
406
51138
8976
100775104
84310
7385
28984
57088
151254
51384
60559
199857
161931
5874
5104
25803
25840
100129250
399665
5322
6919
2086
6392
220388
7390
79176
4494
9796
23142
283927
64122
112399
79000
55572
80700
55273
340156
10739
3431
2938
90196
51650
84251
160364
4013
2247
90480
367
126393
51081
51361
81563
54205
386597
64374
26996
80777
203859
84709
219738
100130887
57110
5446
11341
22826
11337
389840
127253
4504
4885
201895
54859
441461
59286
54472
80183
10071
51663
1958
138716
3695
11240
4033
23788
4353
8671
84539
11261
55652
285367
1647
4689
57804
1992
6649
100506527
4915
6048
8798
64061
9051
4496
100233209
55062
51560
7093
285533
6037
29937
10815
23569
9648
26049
79016
4069
29842
10269
1816
1844
9482
84263
1607
10787
5718
131450
79672
23092
6285
56674
10562
90273
5699
25936
283537
53630
1346
4068
509
51218
1728
6447
6865
920
1043
84814
150678
390637
51300
6549
259230
139341
83394
957
400746
84791
54940
692099
3773
10294
9643
11274
84837
5001
64805
23741
8548
23466
10393
217
55217
84525
64065
9142
2633
79651
150572
63941
23576
100505881
10891
23428
51187
55856
2209
3933
11319
10907
286148
2821
84981
10232
348013
2745
83699
2262
51318
7376
57017
254956
1368
5218
100506881
79647
26061
9341
9380
114548
378
5441
221472
3459
729967
112703
114049
9946
116173
708
9636
113622
80148
116
11069
5193
4351
56950
4675
5639
253559
4352
375704
989
56169
493861
119391
57103
9528
55170
6327
23376
5166
29789
113791
5348
10840
4685
83460
283050
6620
64651
83937
2202
25817
117248
10693
10826
10758
146556
144402
85015
54948
148423
25901
9615
64376
898
9104
28957
130951
122553
6274
80145
4130
1116
389
285780
23612
284427
435
80213
5805
3936
129807
10456
54033
151636
158293
124801
150379
10463
138162
125988
6279
55331
7138
23507
10390
400073
7220
87178
84681
7388
118738
1084
129852
84279
50640
2953
153396
1513
4940
10653
8565
374387
8214
375567
79717
135112
1152
9551
60495
10859
2944
5438
4200
90025
285613
5654
93380
3128
283871
51025
5745
50650
3597
2730
51374
7306
6515
4706
151393
7049
90203
51397
139221
124446
84326
9167
7941
100506465
