529
51204
6390
10476
2805
518
56851
55052
10775
388789
115416
23479
2630
81873
5713
51227
7134
7389
100129128
25979
55847
5283
5682
126823
25805
10073
28972
5689
11272
54987
11040
84319
94107
63875
51103
27018
100527943
4694
54456
55969
10330
10284
4738
6742
1603
100505876
4704
29058
8802
11345
4701
51075
79590
83941
5698
7265
100128252
84174
4722
29796
515
144448
51142
55967
79135
7386
51642
388962
11315
124152
54940
4706
100289098
51069
51371
6647
509
27335
7314
10102
83658
56672
22921
79644
4809
93974
100506144
54995
6119
29093
54964
57228
98
5694
51650
4261
9377
374659
2213
4729
6447
400073
84572
51255
8099
55352
79086
10040
80759
25828
4731
55831
1892
127018
51126
51367
1649
51728
150684
51264
196294
28973
89894
400916
56947
51300
3163
27243
84968
54948
4358
29074
9482
51522
84418
116461
55256
8724
1069
100505687
4702
5436
4716
25994
729967
4717
80349
729013
84933
29087
114971
291
57409
4718
148413
5590
5706
11020
219927
29092
51649
1351
118924
9086
5693
51637
23480
25996
5438
29095
6902
9403
10200
25972
51081
60488
158
51234
375757
84284
1514
285958
195827
29098
56993
3029
7322
8544
27101
7784
56945
1586
6500
90701
29114
374882
79000
6799
55017
6988
267020
81853
7923
6827
7319
51023
54859
10430
6919
873
220869
7388
494143
84996
100272147
4515
5037
5691
1347
58515
54458
3375
4709
4946
283927
401505
9380
84681
6352
84987
25880
51218
84277
51382
25764
4708
256586
10063
192286
4700
51451
29902
84816
6638
5269
8992
3385
8926
1327
805
389203
6612
84314
199857
5162
55486
708
51250
2739
25912
5824
5688
10632
29916
8798
122704
92421
55860
51138
3336
51287
10542
6844
2339
84707
440574
27068
29101
51660
124512
541578
7347
54814
10456
10980
4726
51501
4494
10328
23616
27131
79873
64951
10550
8891
100037417
286187
140739
119559
9364
51084
28957
553103
9488
132001
11079
642946
83940
112495
6166
202459
573
100506714
64174
11019
26995
90871
4724
4712
1652
7417
83877
4828
2287
131076
29100
9528
83854
10597
399512
286467
84964
26268
6921
5052
8365
64965
1211
51188
59286
138716
57129
6039
6347
54968
5686
4711
56181
10969
4637
5440
51643
51622
3073
22826
10899
5435
10302
64981
64147
1329
100287932
84233
27258
440400
3249
352887
10728
28955
100506157
8195
28986
64979
8896
55505
51374
26589
55858
55039
3106
25798
27111
221143
4695
2286
735301
1410
292
1476
10987
27247
51013
6231
339229
3281
84520
54148
5157
432369
55173
2958
729991
245973
54840
11034
79714
123346
475
28956
522
6835
2879
113655
4835
88455
23474
4725
1022
51596
539
10907
4728
123688
285367
10134
55861
51573
127700
25874
51647
64960
54059
56160
9326
493753
553115
85025
125875
644873
6727
6392
90637
78988
10539
84316
10011
2207
4714
57026
58472
51693
55974
10791
54432
25915
440356
3145
7936
199990
154791
10204
84817
79609
60489
1345
84300
3094
5372
197370
474343
1340
51003
11154
152100
400569
5303
84992
9367
5692
222967
23582
100533106
150248
5696
131616
4255
64802
26520
55150
23557
5571
88745
100134713
55829
57804
92703
100505828
10900
9296
122961
29082
1350
4707
653857
55015
10577
28971
3682
4715
3628
146956
6883
9167
51024
345757
2108
51373
5478
84522
54985
26355
54949
23588
93611
6631
26519
9551
339123
27166
9141
2653
64146
5443
199699
283377
83463
80142
91942
27095
318
100302254
285362
91419
9166
100306951
521
84693
100506538
120863
64130
5110
51102
493856
60490
10016
29080
252839
10175
83460
3015
114926
26024
1416
4710
51646
92259
128439
118487
84304
11017
56942
6388
58488
219402
9556
51372
662
1622
51079
130752
84217
112483
51734
7979
64949
51121
51248
5901
55011
83878
55863
25870
282991
9324
130355
51241
6391
4338
2079
6717
6118
400238
80273
339804
10282
79005
7167
6834
100303755
387990
30968
100188893
122509
148423
8673
5701
162998
51171
1353
5828
83707
27089
554235
29880
54065
10005
84292
103910
414208
84324
28974
3122
6817
25801
112611
83608
79717
29964
8738
28984
29081
373509
9553
55168
3429
5154
1349
353322
55277
53342
10870
10935
54543
131118
5441
441150
7324
84909
389541
171425
5538
123775
5720
7325
51258
28958
80227
401466
2029
388753
516
8576
8209
25847
84299
83543
63905
339487
746
8269
79081
51510
8624
10485
788
51601
567
11152
64976
5683
79760
158293
10588
5554
112950
285095
64108
64963
349149
5721
3107
26297
84259
129852
8574
55317
26580
51657
90203
7390
79015
10094
84696
57001
54797
133383
3155
84975
728568
29789
10933
677821
399697
58505
25936
10654
84279
10641
200185
60343
85001
7580
5621
9016
8799
10161
10669
60386
5710
55859
644248
231
63929
9978
9588
145853
5201
51668
143244
126075
9235
9275
55004
51275
10062
84309
221545
79758
25858
199746
84268
57106
10422
3396
144571
79133
6296
11257
83982
5281
100505938
6637
51025
283237
387
10209
28978
51226
6633
8813
55340
283089
85013
112942
4493
146894
10548
100129792
6882
90809
128387
55332
53916
51256
127262
27010
139341
152098
7172
6622
8402
285266
11341
29937
10273
51125
1468
29970
4234
94101
124995
7341
5230
80011
57017
144363
29086
3858
4696
310
1465
51639
6090
84934
56943
51406
401253
6192
50865
5245
54360
9446
6009
9419
100505385
441549
440498
9638
5876
29760
81621
85437
7381
100129250
56271
3002
51020
9519
3119
84283
644890
51042
64754
23583
729665
284184
3251
51726
100128731
135154
84796
1212
55651
4697
9270
11334
10069
374887
55653
155054
2954
4116
84833
123904
64776
10438
23412
87769
27257
54518
123803
5147
9784
146225
90843
79770
100505758
116540
56994
65003
5202
25956
6171
10471
2952
90639
972
51397
285141
51187
9049
54344
10248
400566
100507134
10920
5348
11337
26521
91298
26157
23464
64400
56311
27351
118472
6284
79763
54205
6884
145553
151194
9604
116238
56984
326625
763
1513
1363
150678
80145
4504
25804
7494
79064
28998
190
25901
50856
1337
902
79856
54951
1908
9022
51004
54969
283038
1020
3087
124446
51645
54998
64801
65991
84142
6183
56849
51504
9051
140576
128240
51067
285533
10981
6880
79622
401152
1175
5685
4634
56005
25824
134492
51714
10244
79870
6302
6275
23016
51019
3399
23559
119392
3419
128866
381
51699
51021
51027
10578
56954
51538
1073
79178
100506054
8644
10549
619208
404201
51329
149951
57415
112752
92002
2705
100507376
57665
5719
414197
51499
497661
3820
90024
5551
51071
11046
29097
10488
2661
140686
283951
60370
9338
8214
28512
4636
27035
7320
6923
123811
10668
83443
4733
400619
8382
10589
643394
55788
79641
7001
150763
26578
6415
90135
4913
58485
2791
4190
645676
152302
54460
404672
91582
204
10230
23205
9442
340542
9643
100506725
125150
27069
100506161
10380
337867
9946
85014
7384
283871
27248
10465
5432
7423
2329
84269
175
57121
100128511
9970
9144
1716
285148
5300
27175
8655
64928
644246
94274
54939
150274
130814
8334
1471
81892
3108
9616
770
439
280636
1512
6144
51651
84981
10301
1528
84936
9940
10093
134701
9802
79038
124817
8533
57099
51184
28985
55744
79568
10519
6150
5445
11258
7940
54931
942
644186
158800
8372
10809
26001
335
3176
144321
54463
4501
8705
10567
3695
84326
9861
91689
8742
8555
10017
140823
55146
125988
51390
8630
6881
55337
51506
54986
404636
100506835
5730
5699
51185
9512
79921
728769
51070
54681
7411
8743
4201
10627
6414
92856
84331
84938
10267
5714
51321
92609
9535
7462
654342
10952
51110
129531
834
374291
128308
10739
154
5695
116541
64077
79177
55166
10732
84967
83451
22977
60314
5204
4351
10467
55163
112703
4435
9158
10557
1593
548645
64777
2395
51001
81689
51491
29903
11092
407977
917
157556
527
5687
5439
4830
57819
55845
4831
100506243
51531
64792
100131801
5499
65005
113402
51257
9521
5382
128218
64432
1155
5879
11041
113675
4689
403
57002
91703
284161
84276
51398
10755
7873
11316
401431
2785
6233
57128
100131089
399821
5188
126432
654364
5805
7277
7295
57213
9341
84545
54539
4189
6404
9533
79752
125476
30815
55323
83444
3988
10211
7257
8611
645513
85236
3945
401397
23741
4258
120379
132204
1508
2203
23658
57092
201229
55410
51090
200728
55837
10975
56674
26229
79036
5723
5702
84313
2157
151393
126328
81034
84865
50840
84457
7260
5684
4818
10286
389634
4698
387923
146206
65008
400
928
84791
100271849
1050
677838
8270
85027
284424
100505616
10998
892
4284
4713
29078
183
84154
90410
11072
79004
119504
637
10440
7123
2123
391356
129881
23753
113451
29922
3265
5092
967
6484
221016
84336
79785
7416
353
2971
100147744
285193
130502
140465
5276
2527
25911
5321
3033
27020
10693
51527
22932
50511
533
5908
7305
4257
8636
55840
5250
84264
116173
5919
100505695
148418
1537
63932
641372
55049
51095
1396
55850
3134
100529251
10738
5902
51026
2999
6748
339541
64112
51315
203328
126119
5134
9071
91368
11162
4282
100505834
400713
115761
152007
57149
79154
83734
26830
221294
79090
84661
100507463
23787
8803
10120
1854
6035
256227
9087
692099
85359
6635
23408
149345
7263
8575
2681
1390
54097
79582
51022
246184
79630
435
1174
654320
826
90441
284835
26515
54663
55707
114049
6001
125113
339674
3822
10490
116444
26090
11235
53829
5524
5516
151313
200316
51338
51239
151651
11342
26063
643160
10638
5479
56912
54512
55529
84868
5203
201254
965
285315
255919
131474
100507524
84298
6997
25927
79035
26232
339210
93081
57393
9552
57110
79991
11018
51109
119032
51097
254863
8892
7095
84759
962
9114
116092
23423
80179
6726
23587
51076
653519
6916
55012
50813
100874058
79022
100233209
29088
143879
513
25953
362
8260
83871
51119
825
129138
100506713
84100
51389
10125
374387
100874253
84179
84061
10573
84274
130617
51181
8625
51074
10965
262
6632
4502
79833
56063
3606
56927
8420
10553
55916
9487
338817
8838
202051
8682
10572
11145
221154
6206
6814
199
51768
757
414328
147948
57150
6450
6006
9450
1632
2323
4061
2790
9140
3821
100130933
2519
147184
339231
84191
10897
58473
129787
9709
100506233
397
123722
8409
55178
54554
6285
79078
552891
79056
170371
10213
138255
192111
3932
3001
1992
3109
116448
3823
286053
402573
79897
112849
55270
719
241
79176
100130093
9992
64231
497258
118672
220074
92960
113230
51635
122553
4118
51065
134145
53340
55794
1728
5264
54499
440957
100129973
51561
645
64983
123207
10671
252969
127687
494514
8637
126003
51096
112609
60491
10922
29071
7439
64431
51706
389493
9541
51805
80342
998
127396
10434
10800
5464
253982
641371
440145
283507
8562
2647
125061
5191
93426
8721
79777
56267
112770
443
51619
27077
517
27306
81932
6557
644096
201283
6094
441108
221060
80194
654434
23555
116211
3459
284800
29099
151525
11033
23568
2124
11146
6123
6604
100151683
9445
140606
57095
100507341
207107
147968
27345
10737
3795
220965
55624
643770
9635
4499
9532
729234
123016
441168
10670
5920
3684
155066
85012
51073
27109
83657
132
79033
341
8079
9363
25906
55365
389
100499405
6419
6613
56655
146547
9104
9718
347
989
55303
11147
10944
79886
100134934
2224
3512
60485
1974
130106
51673
760
29085
92565
414245
116138
23478
874
4495
10758
686
6201
84134
2745
5261
7178
79006
6303
3939
100507554
80308
729156
4056
255758
26287
2272
643008
2210
129807
5383
150209
384
3434
11277
57447
84262
10591
100131378
4815
116362
945
8605
51529
23029
23770
140691
441061
9765
342
373156
285668
3958
652972
503693
375260
56605
10190
646450
219621
400410
340562
55856
26206
9577
80762
133015
25961
51616
8560
84305
54981
57019
246721
51083
100033442
54469
2281
100507466
60592
378805
91608
374395
29999
51002
84504
5010
84542
51123
163126
441054
2947
10449
51388
1880
56953
51154
8530
84064
79145
84225
22914
79792
1861
5376
402055
3052
22933
146542
63931
401494
23549
493911
100505783
414241
286257
25840
51231
80008
6273
386597
27249
4350
254013
84844
64114
8153
140545
51124
387496
728875
6271
7444
51526
54209
1939
10974
84814
54935
10420
7884
132228
100507242
79626
9053
91612
151242
10138
90141
140809
5217
56904
100507602
58478
27341
65993
339822
10556
166
388722
221336
8894
170622
2987
112812
2631
6235
632
84275
4071
6237
1460
790955
10581
9443
85028
10113
65977
83636
10390
149840
645121
503519
9526
168537
5985
145376
55611
256355
2495
10617
1
51409
641654
2592
1427
9570
64735
55111
7769
389840
145389
9200
79736
50617
3028
60673
730098
100134938
11243
718
128414
7419
56952
196951
202658
90480
8536
100506428
2512
221476
79672
100113403
51606
740
617
93058
401303
53822
92482
79017
3105
79156
51286
388965
79946
25803
118442
84769
2172
84153
124790
23710
90416
221491
7518
1120
