11160
10362
2018
124491
55905
3688
4643
200895
57205
4735
22879
8727
4775
87178
151516
26099
23483
54108
55020
84081
100192378
166647
147912
8939
26269
5286
54898
55198
25764
79635
51135
55114
64927
9141
3280
79710
2261
55526
25932
730013
22900
122945
374955
8879
81888
144321
220929
29123
57577
284325
7525
9448
4534
339166
7408
23471
10471
100775104
23194
399726
79576
133686
5191
23586
56905
114785
646074
51315
11234
206412
6662
55179
4734
9741
51088
4790
55916
84888
9669
80230
7979
56892
9324
284695
112495
8572
79774
64747
22882
64757
23212
286148
55151
145482
10226
55300
9658
9563
9088
51474
3336
1031
114112
55106
57480
3588
63976
10541
64965
55192
83460
5627
51372
7101
125704
3625
8677
5193
283575
2800
182
11166
84991
55959
130355
8099
84168
151011
25878
92922
114793
4853
284207
85439
6342
118987
83987
374655
83606
100528030
55293
254827
100302183
143884
11079
4242
256126
8777
79411
136332
4776
65095
64855
369
54059
5990
10561
9667
112574
1287
6760
54953
83604
3611
4214
22836
11274
29946
116254
6814
283232
22834
113612
79366
25816
112616
3992
27109
51300
79066
857
1615
81031
9546
10184
48
84641
389203
130535
7517
79582
113189
677
90
81611
140894
10196
26207
114908
26574
56987
8702
5587
3092
3945
34
10261
23155
6788
2647
51575
57404
8800
3024
220429
5439
246184
9197
6433
143
9169
9101
100134015
6093
92799
51294
60685
131076
9801
3895
55556
645840
286204
94086
57678
8693
8820
11016
27185
5033
254128
663
84307
677781
57461
100505881
1605
5878
80004
23232
9322
81839
64434
9761
83786
83882
7184
84188
10957
5782
60481
341676
55856
440354
5747
10413
2050
199870
886
5978
55616
3030
5052
85363
2519
8701
2639
4838
84460
60681
345930
55829
286451
10301
285962
9444
10783
1195
2787
754
3418
6299
80255
100130887
54873
2300
8546
55274
4726
7159
54680
84190
8625
8826
222389
59285
29015
4833
643314
10284
10157
8795
23677
50848
100874206
4041
100131801
5451
5281
57493
119437
26275
91754
9261
142686
1582
84265
284525
55701
84938
6023
619498
7414
51071
653519
27233
5793
8556
644135
84876
10491
55901
5139
2317
3065
7430
404093
4752
26147
79174
144348
10106
5229
23376
3987
10099
160857
159091
9731
1203
51347
79602
64784
9469
134145
4077
58517
6655
6657
55037
100132406
22796
84059
6103
119504
341640
23286
81025
83986
2804
143872
5352
79921
9425
29994
55707
27250
283089
3685
25832
55840
283335
84164
5592
25938
847
1463
83596
201134
79607
27315
23607
9092
5311
54741
51634
10766
8325
29103
223
219670
79649
1723
27131
9289
57594
26058
11190
199731
100127889
56288
64067
10455
51554
25996
1271
26524
51293
375190
51809
394
8148
3655
5411
3915
5387
137209
55719
114971
29121
7005
2534
26137
83439
84466
147184
79165
79155
8481
8812
63931
90865
285456
11183
135656
84617
55119
51109
4854
23513
92689
1317
23418
55230
64093
220382
9274
643180
219287
5611
3309
9884
11167
27094
54453
196475
400506
115825
57003
222962
414241
5992
10298
353324
8740
10449
339926
85329
23043
654
145389
678
3652
4651
29117
26018
65110
100289274
11213
126208
84925
9415
55002
79618
10965
285267
8972
653188
25949
10609
2692
59307
401281
347734
285527
4860
171586
1577
8992
63898
29765
90627
7227
7289
117583
64779
54918
284217
196294
23529
84727
80014
204
653820
100130733
414
7508
55364
79724
140823
282809
728642
23478
2803
840
440503
5555
56270
221496
4548
51115
57580
79090
84765
79874
401397
57669
26146
29941
55914
55256
89853
3799
11318
8313
9262
148789
124565
83449
729440
9321
2263
5872
360132
64411
245812
85456
55112
93663
10548
151651
100133985
100505676
2316
10163
54888
51542
84696
3428
684959
401944
50487
655
55536
64167
222967
55785
57212
2768
93653
79782
9130
51258
23022
85360
10566
7205
29082
6764
6667
85445
55449
80705
94234
55553
5764
55765
1603
1632
2631
283659
415
1793
4066
146050
51816
4983
7012
378832
4430
148362
4791
3993
3037
83416
2549
2531
26092
51174
1796
65072
79856
8479
50652
5509
55726
5130
79701
100505630
642846
583
6939
25865
51726
55601
10278
3313
64976
8737
23011
3142
27333
401
2923
123207
83935
9147
7003
51274
2260
100506647
5051
28971
90313
29899
965
50943
8420
146059
22909
55225
65975
6872
64215
2683
6263
147495
125050
55803
55589
5959
728194
3672
4851
641
1297
375248
55304
115811
5331
84061
11221
285605
267010
51144
257160
4478
8500
593
126626
55033
219902
11329
1528
85028
84236
100033455
27173
84263
55544
9697
64081
6080
56925
1266
89978
56832
100033416
6343
84441
7062
1376
91607
390260
51186
400569
129531
87769
196527
91010
7477
23239
3725
6607
8106
51
4054
57190
27143
3295
10509
100130264
50862
84706
203260
4331
638
5162
25895
6251
4810
63901
23632
114038
162394
11119
23499
116228
79081
4650
64087
10485
7444
100131275
64321
23580
91351
683
23325
23184
8531
5152
3977
10591
54970
6881
116461
54758
5443
127670
23012
55757
26610
115209
388125
100132707
100506753
57506
1777
128077
57513
653739
25833
64427
5277
51259
100506125
131177
284344
1119
51776
6522
51250
55869
92667
2867
144100
10617
1843
693201
50838
10964
100874249
100379132
220064
100128126
154796
677778
388555
3726
79783
9536
375743
23075
9267
158293
441478
26206
100302254
199699
3791
1298
55747
259230
51348
9885
2791
9772
7867
5681
5021
1515
800
8613
100422737
23421
25841
4498
7041
407044
54541
92162
148741
22821
100506195
51224
647042
56927
9342
441212
56244
2113
4299
1783
55532
116159
9557
2339
3166
57654
400713
80739
29969
8773
308
356
284266
2117
79843
677804
25923
29968
64421
84080
6507
146894
79169
130589
10066
5147
51287
5725
374654
85495
9364
55370
6090
100506178
3551
4926
94103
5480
5970
9654
100128927
143458
23753
3636
58190
26227
9314
100506658
9601
51176
8574
100507436
147111
5364
161882
128209
7098
84886
285025
5883
5244
54345
138649
677766
375686
199953
6935
51166
26829
79706
132430
152098
11135
441457
6642
4091
84691
57010
51574
170575
285362
643770
9407
3727
23509
23111
23078
113878
442901
9111
80177
1939
199899
3665
221154
1666
9639
2294
89958
9592
2731
11066
5939
26065
10507
54919
346528
644538
729658
84812
58494
290
2313
83872
9209
120935
3613
153562
25972
100874012
3071
112849
55082
1785
50808
3240
26828
388335
7037
23016
8416
22897
501
989
26084
4116
55629
391267
493812
100313824
51150
7412
54954
51747
10650
3087
93343
54625
2247
10723
388
84335
6015
100874234
26824
144363
84950
2013
79755
7813
10365
100130742
8838
89122
222643
342918
788
1622
4005
6392
3397
1181
284099
157739
317761
11099
5829
57053
5890
3955
257364
64802
80346
401565
2669
197358
255812
2295
780851
7099
2296
100128505
100506334
7681
1997
9134
158830
10422
64759
7263
646643
79927
4919
147968
56922
1815
124540
10344
4682
81542
7832
3909
668
11181
92745
84240
9138
6238
7424
100132913
404220
10627
65217
145946
9034
155185
9696
692205
56829
25805
79817
54621
28951
1301
84904
407045
63914
93349
26834
116154
10753
1071
114836
84141
29071
158747
57462
3090
84734
114905
112464
767605
8100
28957
11162
6998
162282
5819
134265
3949
85444
100033433
10255
221092
113179
2195
2004
9843
83648
414149
2108
26577
387837
138241
5479
2028
83871
5995
79443
1418
208
23102
474344
55679
4585
27031
150094
80139
54964
144568
100506123
6494
2840
51099
8323
26093
30061
1259
56920
140701
116441
100130958
387
6565
387758
79811
1901
56731
100506113
8412
11074
94
1270
5255
79802
196446
201799
503693
100033420
3858
64398
5720
4357
54762
7094
6693
91355
401105
100033435
84532
147807
9368
23209
100033813
811
63971
9367
1727
3010
126669
340393
728340
284836
6819
51228
5159
54538
5670
165140
11228
574028
23433
27130
27074
100129697
4038
2952
146857
2624
824
155038
1358
197003
400578
124222
100506413
5675
4867
84133
54567
406994
2920
735301
253512
253012
23190
55779
84260
57801
4881
57153
116835
100507556
83595
3818
100506518
7082
8233
81575
6868
22837
595
23604
84952
51734
85474
91851
64599
57818
10910
135250
9541
953
780
80301
2167
9674
554226
162073
219557
8801
116064
8743
80133
5358
4821
10663
123920
220323
8991
51643
7010
5243
25957
22899
160140
284111
79640
154664
100033427
5837
100507135
201798
119392
94134
10457
141
401296
4709
55646
2064
142
5192
245973
9802
7056
3913
100130231
6774
5013
22904
387119
201266
55692
2213
55998
64123
400619
147948
2034
100507392
175
282618
477
79171
658
3032
93643
158724
7779
6625
727956
81844
94097
256949
257396
378938
23187
10345
3018
55332
10241
116444
648791
84203
3904
6909
7048
100874251
54433
3431
8495
6514
100507612
11262
32
2752
54498
53834
144571
84791
5366
9588
389641
441521
80318
2741
10461
388419
9635
5335
283464
54491
4494
27230
442915
57326
23091
139716
9429
10800
221749
558
56301
200316
145694
9283
693226
84818
11153
57514
6926
138151
28316
200894
7058
100169760
7075
5729
8829
54532
85409
654341
51030
2324
3766
389333
84848
79990
100874056
2819
255187
1030
128272
56647
221074
27236
80704
135228
728655
63933
100505890
50511
57175
7297
30833
401612
23303
693155
55199
2307
6795
100507401
55742
8367
2852
482
221938
392255
5507
51179
137872
1908
55075
9071
4128
57140
10083
3399
83666
767596
2678
4627
441009
23195
51205
255488
8793
84288
132203
93010
10220
100287922
644192
51599
8993
91156
4855
4646
115004
150946
100506271
116448
58515
7327
8837
947
1495
4588
6256
79611
1215
56957
51564
9355
8736
57705
55970
4825
100287366
81492
253264
2268
677840
124152
11328
56262
5303
9026
161582
5338
3709
51751
8797
127435
63827
89932
8578
55303
79742
822
4343
140890
388815
5328
170691
10819
51196
59352
56099
153328
22914
79875
130132
8364
92241
53840
388588
3455
51741
25936
55092
55760
143503
3231
51705
29995
100131117
100506495
100506737
64849
10693
6533
2321
54893
91452
284349
55096
2650
54149
100529240
2122
57798
6672
100499405
28970
3932
27198
3491
729747
80221
100506801
158248
5420
84795
56898
23328
3315
55871
4772
100463488
1676
6801
642799
5828
10266
58526
4793
5626
2565
10675
641372
7984
85315
6997
80045
162494
400618
8601
100302743
6084
388564
55796
90102
23215
339366
54514
100507127
338739
634
127428
100147773
692158
3385
143630
23189
874
100506742
388182
55604
5098
100033814
2
2353
8321
729173
3006
724033
51522
7026
9022
6584
112802
284119
348
1573
28954
9249
4792
5269
56100
440556
641654
54809
6506
2152
221395
7169
4277
345274
5962
117584
441150
26027
100507098
221035
100861519
11136
80243
6560
8985
57381
5445
84962
1265
1734
10215
10247
1060
129642
117
100302237
25959
27147
3234
80303
79899
6234
8302
4495
4063
168537
30812
4502
149773
5336
56606
23129
23554
692212
51199
8842
9516
56109
80199
23678
23378
80150
151636
27336
84327
79890
6362
267004
92154
10848
83742
10611
10755
83543
338440
374907
8641
9510
84275
56674
27257
10475
148413
220296
115286
57477
376497
148
10897
100506649
23051
1629
79954
54558
79026
10616
100033419
5158
3459
368
163590
5375
56103
253827
83729
100271702
57458
23034
196883
55808
55640
9708
56104
56108
56112
26025
445372
6363
2701
116135
6319
100506835
56114
4337
4170
342
56113
440757
100128750
55841
4820
84913
677828
23430
5465
51268
56110
56548
56106
414236
6549
125950
5228
9580
3597
10263
3490
55349
2328
4601
100129213
84129
10979
4240
338094
100463285
147138
219654
80024
147650
8073
85012
100128511
93953
84445
28999
245937
84210
9984
8909
285955
159013
1368
728463
735
2055
7352
81603
26166
388115
152273
100505532
5654
92421
51752
84674
25825
64116
9547
100033424
26020
100379174
54499
10882
5972
161198
84105
100506233
51435
23704
177
57402
100131067
64318
10990
100506215
6915
3394
2990
339751
10392
401089
7123
54739
10411
84631
5444
57018
84154
3773
9304
2053
25946
196951
80975
83549
390916
387082
6717
11129
2022
347732
10395
642778
93145
284612
57348
81628
3820
8349
200916
54815
23417
5096
401152
10577
8424
1497
255193
1152
768211
4000
2078
3565
2303
23500
116238
1910
79940
3570
10105
5542
85407
246181
5787
249
1286
7042
55661
116985
84329
55501
4144
10826
150209
100033442
91614
9694
84298
400360
26835
4059
140771
54868
5260
3181
403314
660
4780
56882
254228
8741
10062
10936
5032
6663
28984
5916
126668
167681
100507091
84239
2694
6883
285282
23452
26212
5868
5873
115948
100505929
5625
283663
3707
6297
54933
84824
8630
347475
25891
1070
3693
285464
200010
400221
84034
27329
151325
7402
100287879
1471
57685
56901
200035
6261
115677
55329
6838
55248
115330
646324
25806
728888
30816
100505705
100507377
112479
57085
374768
57834
2653
64422
56098
54838
120
26292
4693
677807
50617
84709
