54978
283232
55163
54884
2948
896
11147
6892
23061
582
100134015
9903
64332
7084
400566
255027
54867
81575
55177
10230
51092
255043
9099
2734
6529
23176
79844
10326
599
92521
158399
23357
11153
10738
9895
10614
10217
117145
163590
51429
4217
4771
54788
1415
55778
6821
6817
2017
196740
6311
84418
84900
7030
7832
2649
23127
55650
6867
10737
221545
2117
492311
55112
84961
114796
100131755
81609
8675
1416
286042
6515
100132923
23242
140885
444882
6535
129685
25974
5869
374868
5476
8605
23315
653160
9825
54982
254428
2235
4302
57834
23387
64061
11343
51619
3766
639
84820
140771
10936
79154
375775
284612
8566
317781
162514
3268
50717
60386
56894
23558
57659
55361
3765
146691
123016
310
55337
23196
29965
23051
3127
1577
23336
54458
140901
4122
55260
388574
3164
23017
9510
26090
2804
23428
205564
339855
81894
51738
200958
84750
84807
79671
23492
64651
6609
10140
57169
166348
55069
55258
201266
22888
283455
147798
51128
831
55652
139322
23338
22905
84631
646329
9283
27351
583
200014
84193
84514
3383
10739
80207
130888
23410
203190
100506637
9842
64768
7706
25829
9687
5272
8292
6711
59342
9737
342371
6542
221937
8553
2294
9275
79932
6548
4306
9962
23205
100507283
1374
50488
622
645121
5073
9060
653333
64506
100127888
842
7049
1843
5596
752014
192668
254531
10461
55604
113791
100287428
654341
5270
81848
100130197
28316
26112
8928
8864
57488
9400
284439
91949
390637
79065
10188
1874
729013
147179
390595
766
80212
4616
9776
2036
5791
7102
2760
23052
6734
3718
55384
9866
116984
11240
8630
482
5554
3628
8569
283755
79038
79842
202333
123879
3419
81693
84909
272
7008
439921
399665
60313
6786
26070
23466
100289473
1774
2953
51704
284297
195827
826
2752
440073
25981
7915
347736
155368
2900
5187
10525
59343
25803
28231
8165
54742
4967
9751
79365
85358
4130
8742
5822
84239
23038
5467
9104
2277
282973
9843
9848
55588
1030
91768
2588
85379
285596
24139
284800
9813
149478
9577
9625
55095
9670
115
202151
80020
113451
113675
100302692
401541
58494
51149
53373
64122
339366
23786
5566
1200
85442
25840
30848
100506634
118738
114548
388677
4660
91869
60370
5037
85446
22909
150248
6507
9863
5236
283927
148
83854
23112
477
4731
442319
2550
22874
138724
85315
25861
152404
8871
1519
3140
10039
84572
414765
126248
54805
11328
23114
23780
2263
283537
7957
126823
2944
2802
728689
56850
286336
770
26353
2894
5241
5747
55108
644873
23305
9711
440799
8082
441273
9717
401431
79707
558
66004
23252
90113
53342
134549
80017
6041
1604
144132
23395
200931
7226
8490
8878
3123
4129
7503
10553
440345
25891
221395
9844
374977
220002
79085
3712
4974
100288181
220296
155066
8555
23563
79080
64087
2741
124976
11076
56163
311
84895
7780
83547
339789
55753
23382
9828
4299
84864
79083
55902
25979
79735
284111
10826
8495
4261
392
6988
348751
171568
7165
100130015
1185
150094
93611
148979
4780
128637
6553
26051
257364
3119
122970
274
64689
100288332
55614
9762
5208
100129518
146223
79847
283130
54662
84133
20
25953
11113
29950
100505716
142827
100133545
9764
83692
645079
2355
118460
23120
5027
4199
10725
285830
51094
83850
27175
2005
80301
59271
57139
10840
100874018
9610
54890
84657
8671
333929
3257
89932
1837
90121
55317
65009
30001
84285
29993
116236
5130
23381
340371
9053
339983
26030
2952
389840
8821
4088
114088
9854
10404
5837
480
23378
26001
26032
8760
93426
634
8611
57514
5365
23541
100507401
4358
4144
2622
9802
23547
100127947
148709
123720
54737
100126321
4013
388558
1958
10849
57414
127254
6778
100507547
144568
51272
90529
55821
158135
145567
728888
5166
4779
51085
55323
51524
255488
105
23164
5794
4638
261729
26580
2629
729234
65983
50
6272
388552
196500
144577
414149
1556
9404
81
283871
1408
56776
10900
54567
419
54885
25992
163688
602
123688
10057
3700
51005
9673
57134
80235
83478
146556
147746
10911
2039
79885
79443
2145
151313
5154
9001
57125
22844
4907
10241
7070
9640
149345
11277
11092
89782
3770
9071
114881
113829
8501
95
200081
84796
6517
148137
641654
23031
5507
54853
23576
1440
29920
54847
23368
255061
9909
79777
80149
55187
8500
205
8514
89801
4329
26507
51195
199870
257106
256472
54893
2729
226
407977
6615
5051
80262
10444
10253
3640
23604
9772
23341
23328
100129827
64756
57462
22927
151556
9915
6642
440348
84561
6506
55295
51341
51517
151258
653689
25923
100134259
64788
10810
94097
8404
1819
5091
79993
23550
3822
140883
11280
9771
374860
8909
2034
83605
747
22870
84286
83876
84532
57474
56675
84836
5621
55806
23250
4836
4038
26232
54961
6853
3569
80303
57020
7066
8506
114781
16
221002
1628
25819
84814
246330
25771
9572
4935
353500
29948
8398
283987
122664
1849
441272
285800
133522
23479
26576
257240
51741
55665
5781
169436
84439
388591
8061
23189
55275
5871
50618
22808
5045
5261
8309
79745
23125
136
7466
55008
51754
360132
8793
8775
338657
29958
286411
25793
1465
100130691
340075
30845
8863
89910
1609
9127
8764
134
57463
6534
91373
51172
403150
83716
11251
29122
10841
574432
138151
51435
222068
6327
57185
8544
168391
7434
6774
1209
374882
5129
284486
497258
148641
25864
55048
93210
643853
2907
11093
9457
100132247
29988
27106
9796
2949
378805
9382
921
210
117283
230
54438
79672
51313
51604
83959
80005
28955
80127
146330
100129858
148713
283375
148198
92293
84627
8986
149563
1639
84288
440482
26301
116238
83733
7058
6539
9609
6773
6894
100128098
100874190
57172
4351
7082
645974
2821
2947
120892
3623
27301
11170
9934
10669
30817
5660
57706
266747
25901
10120
11040
8722
26056
5101
51310
5509
79161
9922
64760
400954
553115
93643
6891
80024
1191
23154
57338
8741
161725
7433
153
8850
100302691
10350
79955
55062
154091
9993
9211
51752
66035
5787
25900
26037
50649
85452
127262
222865
57732
85302
49861
4942
7301
64759
7629
163223
1606
388324
783
776
284340
10150
3163
100132677
100505870
29062
8302
283284
5141
30846
1586
5465
23096
11336
23344
3679
9034
51706
535
5105
160298
3300
10634
390916
10966
54865
57469
26231
9777
7259
6006
53822
155060
221442
55612
84448
1026
730130
2920
163175
253039
10019
143162
200186
4782
23616
114804
54849
440435
26146
10732
7277
23762
5293
57580
285313
253190
55313
108
10858
55061
2297
8991
386724
199746
10382
286190
2615
10391
529
320
1959
55349
259232
84176
201229
84435
7538
128989
4824
1050
126433
4355
3299
51127
64397
4862
63925
957
400692
55852
11346
6545
6687
183
1376
100506881
100885778
160622
3726
55841
79109
83752
27033
197257
118611
7297
10804
5672
5745
5053
4489
23130
667
51559
114780
762
100287497
27165
94233
5582
3778
5650
84866
10814
22924
392307
8808
11162
729956
219743
83937
84735
25802
55572
100188953
6261
284521
91461
4915
644596
140809
91369
353322
9524
7127
50813
8748
6833
4257
284615
6558
271
339005
339344
7813
57468
84641
283219
389634
112609
815
6565
148022
5160
29801
64137
4552
91748
2055
1514
79789
9148
314
2354
63971
50614
467
541468
80023
8932
283848
1051
548596
5588
219699
353497
9368
2827
83648
285440
6242
5305
7172
112755
1186
1116
7145
402778
84457
65981
29925
5524
445577
57194
339874
3709
25837
345193
1238
1759
63910
121273
51204
57214
56172
100271702
10928
56131
55080
23584
4154
59084
57143
386597
9021
3995
1573
816
192683
400728
1364
30818
22993
6444
10411
84632
2037
7704
24142
80243
340554
727956
745
9639
56957
23324
10005
219736
6376
254359
54899
5833
84957
51655
8291
392309
8079
340152
1961
123041
2166
9132
283547
3354
5880
57538
84934
55666
668
196463
10089
64218
10043
91612
126393
79143
64840
27115
25818
23247
115650
9912
1368
115584
51102
285441
148932
23764
51573
1548
84254
5463
29944
23235
10420
285955
91522
29926
6926
91663
50509
154822
79015
658
55007
22895
83719
8560
137872
169522
440307
860
55245
84964
51307
140735
117248
653316
93185
6468
3570
55747
955
7109
401251
23527
79073
64118
11226
55422
9142
2353
9695
85449
7458
2213
1889
7942
2070
2114
64798
730102
10580
6645
9446
112399
9694
84940
6653
89866
8314
285368
32
57475
65018
8418
8288
140564
51621
112937
2262
92305
57571
779
4123
445
1508
80724
3705
90203
91695
2272
51006
285175
114987
257396
162427
54472
23207
10307
57537
610
4354
716
6049
346653
92999
285095
7421
219539
84249
100506990
85027
400745
286256
122953
100775104
11155
353149
9145
79683
84975
10335
79132
55267
22898
10507
10712
57582
100507091
10815
92291
83394
8310
65982
54970
203259
2152
6554
100049716
130271
55722
55466
5957
84883
80222
79751
2696
9143
2800
53916
79901
3916
134187
23491
4209
9220
124222
100874123
64777
55527
100287314
57447
54828
23035
90990
253827
53836
6345
2327
79696
338427
10106
158234
440894
728404
120939
100131096
627
644619
54776
26027
80223
353116
2330
79641
10290
319085
1848
154790
57452
23396
64114
10922
23239
84981
1152
23109
5089
26267
256586
89
51271
100505659
23420
1300
57795
5468
54798
79834
100506428
64240
26664
5315
79629
57026
55793
64771
5923
84159
80227
23633
4166
113452
118442
51252
84256
266743
23258
63036
79147
9473
9507
23237
57798
159195
147968
23175
399670
28964
50801
27122
5860
127253
57692
149069
79658
57091
2954
25966
79873
80325
57460
55256
342035
51533
389337
64081
51144
3699
283985
5909
79784
54414
128229
79628
79152
222236
64423
83873
100507387
53834
57381
90204
100170841
1543
10865
7402
100129973
374403
23621
2628
5396
728464
284422
80115
22875
400322
8934
9722
4352
643904
23345
57153
27333
375757
4185
1558
2852
84536
440104
25778
2134
155
9023
100507436
57644
83638
148808
85457
416
79137
2747
9961
338699
441869
677804
3889
1571
23099
55356
5654
164091
116843
79041
5657
7456
343990
340348
284751
26355
283999
8933
28984
56904
9588
2052
481
51531
5002
23308
9578
4061
10768
150726
537
6446
29954
2592
389125
59351
23307
752
121340
5817
6663
79837
643376
5949
91754
4034
5993
9900
6900
7265
91039
9727
57613
100129540
643008
51665
5375
22933
10838
161176
90780
54509
3887
3077
201501
79905
259230
10058
51296
116931
1838
100133077
100507582
84447
100506801
2268
11261
5600
408
340529
8434
9812
282618
221458
258010
51586
818
115330
100507367
84752
64847
83855
10368
5549
100287922
23208
1025
3382
53
6875
10458
26287
129049
51337
9256
30815
153770
645682
8993
23105
57455
23111
51257
100874032
259173
3231
79991
200734
6865
594
3131
125061
23108
6385
7185
355
162
100874198
440533
84245
2359
2934
5753
5214
1901
284252
57576
547
9905
339123
23363
488
94015
26063
128497
729305
2902
146880
57104
64080
6620
8437
51540
26100
100506826
4772
1267
55861
63916
401114
6256
414235
4118
1128
641364
729920
246181
410
388662
5164
30816
407004
55509
284086
55662
11072
58504
729966
87
94234
5428
56181
5595
1777
285195
154197
6440
29763
54868
730005
131669
9311
57217
84769
493
26578
60495
257407
53919
3660
22883
5580
1583
23416
342945
6389
4495
687
4853
9242
54566
27303
51090
376497
1181
64802
4585
768222
100506915
4864
121793
8644
26297
57804
9066
55619
122773
55324
389197
51043
56832
155185
9826
64208
347688
492
200172
2125
51301
5798
782
7037
1739
100506827
8744
9725
2709
491
146206
91683
5252
401562
374378
4985
64764
23743
200373
283358
9783
347
100302167
80737
28999
284080
51032
10221
100873932
113730
56477
2785
100874090
9644
200312
114822
387638
55357
1593
10110
4719
284434
25789
440040
2803
104
375
2155
29999
57605
100506384
3790
55423
22989
58512
54933
22821
7867
100874236
50943
29044
407025
23612
79104
5161
378938
23367
3659
121006
11341
4815
80332
51666
91607
26585
153328
933
442523
23371
7274
391518
54749
100131089
92335
2878
124602
79589
54621
64412
10423
254778
57017
4642
10309
51760
441478
444
171024
8613
130617
9414
2099
729975
55352
57003
25989
100272228
84276
221491
65263
760
256957
37
100506746
56243
4891
58189
3073
6668
11041
23413
5151
2669
116534
5243
4548
9028
402381
79781
23408
7099
2805
59339
147
1960
64755
28232
10514
8139
51458
162515
84720
2342
83941
283420
255631
128611
130813
100506413
27199
443
1318
3269
158931
140458
415
23500
130132
2847
3117
81621
7064
285456
23303
373156
285889
80835
100130698
6640
4058
4646
23349
140707
3120
400916
254050
8525
84440
1939
5768
972
1512
51312
79962
9002
29
91252
57408
10953
112
440026
123346
9780
26020
285242
11259
29906
2811
729224
131870
221074
98
100128770
56905
84105
51676
79007
3293
85415
5818
5169
4194
339674
100507140
121275
100874047
6770
7798
100506020
309
84626
