100506453
23093
57116
494470
55205
79973
23384
1788
23451
10238
128710
100127974
1108
55668
3149
222696
10427
51780
8289
56474
285590
25853
440926
10075
93627
9869
51054
4783
23036
80208
64864
55729
6924
9632
9767
57510
400960
23028
8816
389677
23234
3609
93
2035
9860
5253
3842
1656
55705
8464
51317
126068
54455
7158
171023
55810
3091
79796
4214
54887
6597
23432
30811
57561
114991
167691
25839
79595
23394
388969
1454
54834
9925
64430
54926
126375
10160
10594
10951
10989
25
147694
9698
54808
11124
54904
7745
254065
284058
55339
11269
30848
57178
55818
29035
23534
23468
6018
148479
6651
55734
285349
8243
6873
80312
7375
55578
7468
571
27330
1431
171017
8554
84295
57472
27229
3980
29890
79731
6601
80153
1161
7568
8295
10657
8880
54901
79364
79829
54906
25942
22880
85440
9191
84197
835
9202
84902
50485
9898
128077
5894
3021
9793
60509
1198
2961
8761
1859
26005
23132
29889
129563
83695
3092
65986
10520
80306
84140
23126
26097
10664
22919
79631
6598
9730
163051
200424
7772
26043
55683
9231
10236
139818
144195
8287
7520
114132
5469
9710
23020
540
56265
10013
23636
7703
283106
55696
157680
103
6185
8702
51132
55740
199704
57688
2241
51631
905
9203
10945
5936
9631
64219
100507217
100506963
79648
63892
3703
28981
9223
9589
23352
25929
9015
54665
152518
23729
64857
414778
10009
3837
317
55506
5194
29914
219988
64766
1857
6938
28977
80381
1998
148206
6749
1503
22803
26148
54470
84181
9569
1994
3840
54454
23293
5062
51230
57190
56886
55279
400720
9989
9534
10201
54059
9792
5802
4628
23019
284565
55100
1315
9972
22984
6879
7171
23598
10802
4084
23039
135295
1660
374879
93474
9682
125893
55552
285636
6046
5591
116115
8242
4076
10285
9820
7597
7514
197021
54439
29102
51497
4841
26263
6429
6192
100131132
201134
867
359948
3190
8861
55055
9753
5108
84725
339287
8284
54807
84919
54813
79845
10949
7155
5690
6731
3189
51755
1911
339324
9567
55421
7840
85460
9716
81545
22818
26985
23178
7249
6602
79832
125058
55622
80742
57645
9887
55906
7919
9933
134266
673
10156
29104
158405
26065
8780
79084
5859
199692
9498
57587
10274
79813
23326
100652999
900
85313
200844
9555
5991
23524
58516
51320
6016
388695
9113
3298
10797
112885
91272
401884
60526
1665
5277
6594
54880
5927
51366
4690
7175
22948
2969
57097
4686
6993
286046
114883
3480
51324
4436
9668
55755
3054
254225
163059
11273
29843
8833
9968
2773
57547
9990
81875
51283
7551
79892
126017
51133
5163
58487
11276
353274
79869
55325
56288
23450
55193
1523
283489
54468
317662
196528
92092
100526737
29893
221527
55167
54800
7756
84838
65251
100506866
55728
64359
2188
57536
55628
115426
4953
440093
8888
23536
9889
92105
6634
11180
64943
7469
10521
7579
100287413
11319
3187
27346
339500
494115
51192
3608
10973
8642
9584
50809
11100
57332
22894
55278
54994
10250
64750
80095
55726
5636
7570
79862
122011
5780
8776
5723
7594
158866
7358
80010
23435
125919
9827
153241
22872
63920
6935
9904
11016
221443
55534
54908
55904
51663
55051
8690
339751
7994
8239
25820
9126
376940
54541
133619
7541
55135
65244
151230
51594
26057
23248
8899
23272
90317
10919
143570
10970
23133
8493
7182
7692
23476
56123
64326
5496
89970
9939
91283
139886
10985
3621
9985
23054
55609
6297
3066
50804
7761
63897
10342
55432
170384
11198
80185
5928
54956
440288
10847
1642
441194
55764
79070
22828
151295
83696
1387
23165
51710
390980
10667
55656
56267
55133
23660
4297
6051
222389
144245
92181
6619
4899
10432
7073
57551
9943
9031
9112
23347
4802
3839
7700
50507
79872
7046
53833
79840
1456
389524
728558
22900
84271
9282
9969
54934
84085
57634
81931
10730
9692
7753
81493
84056
3099
8019
51720
53918
22794
7589
56977
6426
55175
90007
79656
54778
100506705
64324
83744
80232
4957
405
65250
56946
10291
23469
23279
1663
27316
80205
253430
29894
51430
3183
8653
11190
25836
55070
22829
7576
55196
1457
3735
53944
253639
134728
6477
10963
57680
7681
8452
2189
7329
29980
3843
55832
1399
23774
6240
7775
23511
80318
9184
55660
10713
5792
7596
10914
23708
5520
5885
10147
8805
55103
22
399706
58486
4691
57216
904
374655
26269
6713
22994
25896
988
63035
152185
780
1500
79738
6780
5093
51421
8563
2149
2665
27161
1488
9862
284900
51520
387640
23262
84274
100129543
56254
23503
7625
144348
253725
56929
4927
5717
260425
1627
165918
162967
55243
23269
22929
7407
55596
7697
387032
83955
9497
4087
5018
24149
57223
129790
79871
3161
7917
348995
27241
10642
3192
5094
57187
92667
55213
23008
730101
5977
10081
94241
51530
7802
2956
84811
1000
55749
132949
9703
8161
154743
7515
92017
81928
5292
115106
9650
64595
340526
57492
342357
7564
9128
10763
1407
284257
3005
661
54892
25788
56133
7705
7003
7710
1659
147339
23358
64710
100509484
79807
23595
7913
692094
63935
79680
2176
51193
64858
2618
9967
8658
1196
57107
94039
7693
10168
401145
1122
60412
23007
100533496
8732
55157
284309
11236
23013
987
6877
9678
10606
117583
2314
5557
27130
55706
6418
25904
22856
2673
647310
64927
1810
55746
1385
79673
79882
3998
153478
84950
9261
90268
6732
92595
374443
148327
11083
85451
29915
9100
11073
54619
53981
54552
51773
387338
1495
374900
6498
2033
284325
7695
55149
170959
1973
51426
5326
201158
9462
5433
57693
5783
166647
23063
9320
203068
8915
80304
4931
9601
3184
4040
26009
51098
10137
5287
84920
5049
550112
78994
7404
55636
10765
84513
65249
56121
86
8975
9439
90134
222194
140890
90861
9656
10714
9726
10767
7976
100190939
220988
220213
90592
80155
4281
3181
3191
152006
348110
375748
10489
55105
55582
158586
22850
9742
8028
11167
10916
8467
51460
90957
54734
55269
9658
22847
84236
56980
27044
9330
286527
2222
2975
51385
245812
57717
115795
7552
56852
57122
23523
727
85364
493869
201725
153443
3738
10224
5290
284406
11311
64682
6626
7675
93594
55472
8969
9219
23137
3329
90379
7716
79591
4048
2997
204851
57534
54974
440034
1063
9779
55159
65056
657
84552
2146
328
57396
57684
22877
5473
54881
23118
5430
1915
84450
693206
7750
80314
10155
58490
23076
9787
7702
64844
80012
55254
112840
56252
7803
5757
56987
10992
9960
54801
113174
219854
84726
5501
26135
1894
55671
9747
57649
133957
23190
162681
23244
138474
8621
57448
7227
4928
9937
84320
80821
9295
401127
92906
472
80817
9125
51021
171392
79809
6515
6434
253769
836
2177
57721
51029
11338
64224
84823
57337
2120
154007
81930
57820
372
55720
7272
9329
374354
10906
165324
9360
25895
148156
11176
10082
64601
79830
1829
286749
57335
6576
10946
8665
7105
81788
114885
6502
8683
84458
54811
51386
56992
26108
4173
7528
6667
221078
55093
29957
1271
653121
1979
3836
11335
7572
55253
7072
55775
64946
79659
26054
5612
92292
8603
153163
79618
51343
26259
166378
161424
23173
54870
6605
6670
11270
25850
26048
9794
3642
55732
2132
8087
114960
26015
11037
79711
3615
9873
10733
55171
51762
10527
118987
9416
55122
5982
132430
26524
7465
79692
53635
11218
51592
8450
93654
252983
153830
8914
9733
8086
751071
6599
2186
699
9337
128869
23327
54890
10492
221079
147657
90594
84131
1355
6294
8089
93487
65979
54903
9923
7023
1060
100507602
9810
80071
64778
284370
55209
23141
10497
126308
196513
22990
1616
10954
55783
5978
285643
50628
127428
5810
84376
1112
9831
116840
701
64151
164
84978
7639
388152
6228
4089
7112
6664
113540
85464
790
100287765
285521
8021
80263
23564
283571
55251
9819
24137
26235
6721
79649
5984
65980
54816
63826
1789
10576
10042
3838
23200
29994
3068
222487
79723
54465
3796
8030
10762
22978
2491
9422
163050
7569
121441
3607
9133
580
29969
79613
58513
51008
388272
672
6714
60685
23144
8661
124491
2935
5335
55500
55771
284391
200894
80209
9918
5411
100130855
159013
23193
11169
127602
23644
2064
200916
1477
4661
57669
27125
342926
9675
284307
4893
9640
8607
154810
643836
9627
80173
6760
440193
92369
728554
58533
10869
339175
3992
6617
151648
137392
51340
55958
222658
29966
2882
9785
10950
100506314
2010
5471
5576
9585
23607
2585
3996
6781
27198
9657
51203
5998
8480
11278
163859
91746
2595
90427
27291
382
8729
83990
5422
55591
7431
7525
64328
5198
80055
23556
10054
23603
8545
23642
100507424
10403
23310
143884
7554
57599
1024
65117
642
25888
84516
6657
26286
201161
9702
25962
1111
8463
79828
57650
54964
54471
4610
10592
4751
7024
284106
11011
25792
4292
23060
7789
2098
9878
57405
79725
51434
64901
55116
79441
84942
5082
58155
9818
90649
4001
57117
10691
9928
10694
11013
79088
8841
11036
286053
388796
286151
11078
5890
7203
404734
84437
4678
10419
56916
643749
3070
80110
57482
6239
25914
4926
221150
26036
4125
6929
149986
1786
1459
22938
83540
57862
27343
8427
5921
1434
11004
1017
9055
9880
259266
7403
7748
286826
23517
64793
79852
64403
1105
47
200765
10283
80317
55914
23397
150468
2547
9837
5610
441518
100529240
23560
84733
10560
4170
29923
7873
90417
57606
9786
9735
23030
100101467
23654
54821
7916
5887
9686
63967
6652
55355
144455
607
675
55217
9448
57505
283248
55165
91750
84678
84186
26993
10902
55937
90987
64105
7150
63915
4798
55215
3832
168850
6897
79666
55031
286410
3978
993
55920
64210
9169
10277
79023
219790
55233
10473
152002
55975
22913
56903
4086
22974
10166
285074
100302652
115353
79677
79968
84515
84930
84318
60436
23049
4659
90378
64785
152992
10468
51659
9044
54891
4288
23140
55789
167227
7770
6787
1192
51691
10051
55142
57697
149076
11200
57707
54856
5829
84547
84294
9156
10910
64764
10112
23233
1388
79048
54676
57703
54535
4361
9775
694
55388
9931
3619
51514
51249
25926
84955
7153
8793
4750
11130
2195
1452
5257
4440
23608
5426
84859
100887750
157313
27340
23403
8836
5196
11339
6904
9736
9611
163227
9391
93134
7374
2178
79071
55247
8904
10234
57532
51729
2553
6790
84167
4242
27030
643314
6885
891
23089
11201
7298
7029
79801
4522
4796
130162
653820
79003
10513
8208
8443
29127
388567
399881
3835
995
1138
8812
401207
63979
23519
23318
10153
83903
9833
29089
6936
6241
9987
100874028
51512
9832
9618
100505641
58499
91975
142
9493
10772
728190
5981
280
285753
5586
9183
100506649
166968
90459
51545
51496
2305
55125
6100
55320
145508
29072
84804
10389
5832
64848
890
473
124540
3007
79891
10744
348235
23194
8349
116028
10845
1968
55589
9469
9232
347344
11321
132320
54971
10735
7289
79415
10844
342538
26040
3930
25879
55697
399979
100128191
7405
1460
128239
538
10623
64925
79989
7586
1763
57646
6574
57826
55677
55917
55892
79684
8725
80264
55005
4904
221322
57038
2187
71
6102
9757
1875
55759
3185
79066
5902
57631
5238
10794
84138
55183
9014
57673
55727
9139
23649
84296
374393
283337
10721
5427
57821
4998
51082
7337
55471
26586
143458
29121
83700
6433
7621
23098
137209
441191
92344
128
10743
25862
144100
10615
9477
157570
8970
5425
27085
10926
222235
220042
1102
6868
9500
91687
55796
1462
84146
6259
254394
55681
9276
4090
9205
10672
7159
8379
4082
54848
132660
29028
6872
329
5989
2733
11177
9170
4860
8458
27436
8508
1062
3949
55713
7553
84976
283876
80727
22835
8570
23411
253143
56647
3364
23268
220963
83879
343099
7559
51057
6491
26190
3069
9924
4437
2073
10413
5042
8444
23186
58517
85236
151195
57728
440138
26255
1856
414764
79866
89891
347240
7728
55558
84889
723972
6117
57546
84614
2736
23214
6490
80824
51182
7707
5036
81491
54581
113130
8318
8438
11065
79670
55556
10208
23786
54927
1058
114825
51281
5888
5451
4869
147923
5033
57082
79913
10460
9425
131566
9188
10644
2058
51692
55143
5393
55249
83479
149041
7737
9857
29979
4670
5074
162655
83752
55341
25885
4093
54464
1104
9929
3046
4898
152815
100130219
9774
11164
92140
84747
10299
3696
151246
23429
284695
51244
11340
11237
4615
55819
10172
84629
100033416
10210
8846
90233
245711
2589
1655
152926
400713
85450
165055
84881
90665
121457
23378
3148
55888
60
5347
1491
55632
122769
85463
84243
619279
3182
55719
283692
6489
26086
9322
91664
5089
7371
84872
4175
28514
60487
55752
100506243
4851
201973
220134
10278
7988
643641
375444
26528
51684
10643
7410
8125
155435
1975
23633
1027
339166
374955
9343
7422
7982
8175
23135
79682
9255
57544
55758
411
8727
58489
11252
