22932
25980
60
63826
1457
728378
8480
28511
550112
64219
7317
55720
670
9491
60626
3275
29959
10478
58497
79139
26133
79731
9019
9221
10020
79796
372
8128
10489
64595
9873
29978
26003
121665
9500
90780
26790
55006
152002
10971
2935
54934
1809
9203
11137
2782
1743
6228
71
440915
91782
1398
10528
9343
148479
3927
137886
2245
57761
197021
56061
1982
138050
25853
55055
22948
24140
6996
10121
4676
100507602
5780
51100
158586
823
100133091
1431
10540
5564
81831
7415
145483
79188
79042
9191
147040
79591
4082
8505
140461
8886
10890
22829
84450
9125
113235
115509
5496
283489
7965
10983
149175
6731
56098
7014
54470
55622
63894
8703
59353
84792
23234
6780
100506380
202243
23098
4247
85369
51614
1201
283104
221960
123355
162998
153830
6192
1949
80823
4087
1400
23608
10197
64121
25800
1973
147007
90957
10473
378
740
58155
10906
80818
56681
11180
55327
5518
26039
129790
4072
9788
9706
9886
83693
51399
92675
60492
1434
9337
25814
203068
392
79573
9775
5987
55709
5635
134266
64426
79969
26135
51155
56105
79703
91408
5636
29979
47
55379
7251
65108
55964
9087
55122
27342
494115
64708
317
10927
8815
27102
22872
1072
5719
29105
89970
705
80153
51552
92105
80335
3728
8545
26284
7332
5226
5210
57179
79595
84317
54926
55763
51098
4893
10916
54949
11269
92482
80011
3091
23107
22919
55633
10962
7784
55181
65999
3658
54808
4238
23567
51133
6396
83695
10322
23300
56110
8653
85453
4076
83732
8031
5709
56965
80742
55171
84248
56099
22820
3146
27292
7077
26277
728194
5436
1525
56100
1445
64083
2121
56109
54841
56113
10694
51118
25809
8573
6418
115752
23157
51116
403313
8641
221184
2976
27065
6908
55917
56106
56103
57727
51534
441518
2941
91893
57494
81566
64320
5711
84247
6945
65124
9334
55216
55654
56108
780776
7321
9708
27429
2178
55152
29766
56112
26025
56114
642
3839
388524
56104
9061
286527
3421
79074
51582
5042
6904
79892
54467
117143
126298
80304
9929
5036
5898
64895
55190
54870
56893
100506710
55142
5894
51398
6478
1716
6715
51447
10527
80233
6283
6427
6567
9100
4086
100506963
5879
84695
9375
11014
136319
51082
221656
9373
10262
57038
55968
84267
6252
643529
23023
23484
1808
64601
2010
10480
1861
57862
54328
8697
8301
100507246
1965
84172
53635
5936
3608
55832
79709
2618
1352
442720
9777
1407
10254
8575
10096
51031
6873
8915
4140
8732
54708
2965
29966
3460
57215
8872
9128
27348
471
80196
10446
55795
10160
9698
6815
6139
79068
7789
84311
112936
125144
56896
10477
79693
285148
54700
5511
91445
100873965
9618
79173
92335
908
2968
5569
25796
100505641
81875
64841
388552
10055
55343
55269
129401
152006
51439
388341
64746
4802
25917
285521
2932
51309
56097
6146
51617
139886
10401
23708
51465
51249
8761
55218
9989
129831
143244
57019
65264
6222
7752
150368
56126
5717
51684
10625
54848
5982
7846
54989
2783
10602
7322
83607
199692
51114
55239
54881
8894
7884
8462
10945
728661
24144
10893
1650
84163
81889
6713
11335
9682
9140
51729
5447
11052
51412
411
26108
80789
665
4191
51496
158
998
150291
51107
1687
51193
22916
7564
163
116150
23185
5884
388695
151651
55027
257397
9246
7511
280655
6175
54974
10266
23585
11258
3020
10892
10585
10921
54521
23326
9921
3476
94107
283742
1263
54915
83759
78997
55249
79581
79643
6187
1315
11056
51283
8665
1009
56998
10972
4200
22803
90362
23014
5528
64222
1460
57645
79596
4838
10434
7544
26986
91875
84545
219541
159
51260
9870
8417
55681
6185
84937
134553
79684
50809
10137
10363
55830
144717
84255
54751
55341
89890
9898
6147
54413
2888
26017
6138
1386
29928
9688
100506679
55696
164
5431
57657
23450
283652
10056
56145
23623
317662
3704
57655
56984
23411
9392
51596
9729
1452
7534
83985
10773
11321
83452
56144
2673
79672
56147
9520
56138
50485
56146
103910
11266
55363
54874
127544
113419
7429
6882
55770
2339
171023
2098
60509
121274
7991
55715
57715
55573
55697
56947
60488
26286
5565
55362
643155
56135
56141
56136
56142
23394
10992
6629
56137
11198
6745
441191
56140
2273
9118
26273
56143
6059
3298
2778
1967
54921
9752
26276
10072
55746
9567
56139
23508
4149
7520
1140
51386
402055
541565
55631
5756
83443
9810
163351
4345
60678
4692
84273
57820
6578
203547
8508
100131454
9354
5018
5529
6746
8818
9570
1994
51147
6045
54020
29940
11021
1979
347733
79912
8859
4684
7024
8841
66036
10427
55220
80021
100526737
54331
54952
132299
171177
5599
5098
11124
22902
10682
10067
11075
51202
65055
6493
112858
64326
56134
375
10657
51633
3615
5147
9747
5478
8303
10885
55280
3157
9587
414245
9470
140680
54606
689
11051
5550
65265
64789
1655
57157
81555
8310
27039
3149
84790
339287
23042
2530
10209
6675
7019
26258
219527
23406
55591
3417
83548
23598
54839
8607
81928
5819
9559
100506215
100505678
9440
57763
390980
56900
1463
51530
51209
1840
57510
64748
27092
146771
54165
83892
29115
10399
10724
57171
9315
7334
3267
90736
128869
1388
23543
51009
7982
6125
55512
6732
11282
6449
23327
79646
8161
29107
401387
114904
79888
54869
23177
388327
5935
7335
400619
8454
55680
55758
6683
55186
6130
79570
81027
54442
10664
285636
253430
9948
6307
55508
7324
84919
92691
65988
64943
9852
6193
51304
55716
57599
55690
8287
28969
23170
6279
8892
57606
10236
5682
29934
8533
1645
149420
54503
54555
56478
5119
57502
5877
8131
8905
2664
9412
29066
55334
51253
9410
1801
726
6477
55717
84656
127829
57570
146198
6992
3047
10238
6950
1641
6613
23220
90861
51021
10421
1595
1384
5062
5093
157567
51763
84058
10938
100861402
9070
5049
6189
1479
9649
54497
55775
10741
84261
56729
9985
93380
552889
9188
25926
9474
51645
81846
100190938
57587
60561
4320
51477
7341
84102
116844
8667
100507341
5514
7841
54455
2534
79096
10166
5050
8443
7596
79728
23276
51421
65991
22911
10336
54583
116211
389524
23039
51569
5000
284018
55219
10570
23214
79029
9702
22934
51246
10109
23028
8881
1968
3281
25893
5279
154467
79753
221504
10328
222229
64598
4137
8405
49855
401588
8396
3796
5546
10575
64763
8907
440926
155382
83989
1859
51182
10025
51166
254122
54927
7803
170685
7727
10574
55565
151230
5576
2917
6924
60496
57117
10963
7268
401242
10943
55750
23534
29980
10381
8766
79084
29843
57037
100505624
51343
64327
170506
10206
10626
79877
10295
9319
10042
10982
10509
91801
5810
84547
22858
53371
23279
7567
55184
6594
23193
25844
5296
115548
9972
6598
2132
10949
6191
8883
5189
164091
64429
2188
285598
2842
151963
54764
27436
11158
2957
90550
64582
55022
53944
9201
11108
10092
89796
22818
7216
387522
222662
85460
57533
22954
79736
125170
6280
92912
84140
55761
6480
81572
9869
55180
8394
55156
51449
151473
9240
2173
79847
7549
2532
65267
50814
55734
79077
9689
50512
4904
79142
171017
23174
3276
1627
10605
342527
57707
988
55634
9782
8446
6134
835
3821
79034
84908
79269
27316
10579
27346
2189
92017
27252
10311
55810
84976
10325
56916
121642
10342
147947
1669
3692
11161
25813
79071
6749
10243
56624
81502
8453
114885
728118
79078
7203
220988
7296
6993
27013
7528
6624
387104
191
7917
57222
432
51251
116442
2617
80213
154743
27249
55236
9453
10409
151649
284361
55437
80351
4221
4756
729993
79797
1660
280
1456
114788
84916
3190
901
56910
91694
5577
60682
29015
10289
8723
6654
4353
9943
9325
3638
55731
22955
57486
3735
9110
11196
60493
95681
212
63916
414765
27163
4615
285855
80067
9589
79158
6832
23399
124454
51441
11062
84078
64645
284702
25839
10498
90060
5292
79184
55100
329
728568
7570
9868
29890
6944
64425
158866
22894
54329
26272
54529
54505
55339
166968
3845
64220
932
163051
6836
283518
92344
1915
25896
64430
9880
51160
11073
54960
57700
100505758
10419
10844
79869
54855
211
51808
9603
26097
22944
23256
57149
84678
150864
390940
122616
9798
6293
6309
5150
8846
1975
79867
23473
1964
65057
51499
84901
84513
5825
8706
5881
7323
4135
132946
51306
3897
3840
29094
441027
23759
253980
92181
6917
139285
8284
7417
79829
6161
10576
55888
5584
23609
80013
54886
3156
65080
148867
64924
79654
54622
25822
90324
51111
717
54898
91151
340578
2885
23
80790
10552
6202
54660
1933
55623
137695
23443
2222
22887
51230
100652739
7329
161835
7319
3776
10771
357
100507171
9378
23426
57335
9397
284098
122830
11091
25904
84447
58489
118812
51291
23122
7753
29883
84553
5536
133619
197358
6328
10093
2058
51124
3646
7328
55812
79948
135114
4686
2733
153733
6897
2823
56951
54834
9862
8036
170954
55578
124801
2937
80224
25977
10327
708
124808
55860
283219
10285
10524
23380
150590
26071
51320
653269
80128
283106
3925
54823
5693
22920
91752
284023
100505696
64769
54674
344595
124995
84132
10752
2931
9447
6880
10400
1781
84932
8898
55521
4943
79587
2218
2517
3574
60412
11222
343171
7552
7531
84292
23032
51101
1668
617
8487
38
1185
8668
55262
11097
1102
51616
9113
55900
92703
22809
440730
55737
133308
56889
64499
3836
57567
80714
5568
4778
9415
146956
23350
79872
6176
92170
84548
51122
23219
6487
9925
55632
25927
64282
204962
64858
54977
93436
6708
8089
7316
3921
55760
219988
900
27324
3182
23641
55975
9791
29919
4669
118424
7626
11011
5048
79025
1454
1355
4848
28982
10652
7275
55776
7177
54901
84295
6208
23617
6428
25820
90379
9793
5980
83541
253943
120227
7371
134353
2334
55176
90333
64386
23284
8427
4356
81619
5425
57541
657
6576
23788
54956
1503
54752
55193
1839
653268
55577
51520
654433
400960
56980
79998
222553
55127
84975
150275
84620
81562
5531
51506
79089
5316
25834
128077
23589
79673
9836
55089
6335
53349
51274
6128
10659
135295
7536
60312
6541
11313
91300
91404
9562
285755
5831
9465
10038
5800
11331
9282
8904
90485
55706
140886
124925
1654
55068
143689
427
53826
9439
57418
221421
27440
646892
81689
50810
10129
23295
2665
56339
3964
22915
5533
26130
23173
23192
7756
51096
9202
51164
284309
39
30000
146227
51280
22931
118881
9859
387856
27328
8999
7090
7267
91283
50515
339559
5008
8609
6860
4841
375341
10691
79072
10951
28986
55691
1143
9467
9529
64062
64968
152756
57120
391356
3191
10013
100506705
57232
11116
11128
253558
7385
83723
57102
347734
116228
11070
11034
91272
7760
79631
114932
63877
23166
149986
9468
4139
81706
375607
55669
80110
140688
11337
140460
6234
8851
4794
6505
8460
149951
653319
8882
54969
158427
6714
323
25978
352954
79902
460
8027
126792
8577
91
2161
340591
10123
56130
79668
7391
5859
197407
10116
79075
11013
8900
84271
10728
9878
7326
2180
27156
23204
6421
10216
201725
51335
54675
9987
11276
5690
124641
54491
342538
7174
10367
3842
7114
6509
23339
143282
58490
22982
57192
10713
4705
830
84343
3843
27349
115703
1977
23168
51
94081
149840
6443
23366
8744
10518
23636
5959
9121
339230
8664
64792
65012
57216
140700
3326
80328
10933
390916
7529
1511
5598
5378
8658
80314
54936
283212
9416
25983
29927
26122
23026
29102
163404
54619
23321
96764
83939
152831
619563
284257
157777
10979
84365
162239
51143
168455
85021
91442
80381
154661
7286
11186
57472
9466
79140
90416
662
153339
55330
9683
8530
55238
2072
84861
83636
9935
10778
63899
5373
57544
154313
60684
9730
23673
1612
5885
55132
8187
81876
84826
57693
5685
9218
10670
157378
143684
6159
126382
54910
5770
57182
55174
26156
10988
4318
55833
81609
255762
84224
4666
79699
11044
22827
1397
23054
57563
100506660
28958
7379
157922
51642
29079
57459
54778
25898
284114
374946
401127
246126
192670
10463
2959
23076
219
387712
375056
5691
80313
26575
65244
2873
84650
51008
7353
148066
23332
1690
6048
283731
26985
346157
10466
100130771
55064
29914
83856
2775
10100
93109
5356
79637
9774
113201
284069
1983
833
100529144
29099
4131
55906
84456
1646
349160
203245
6521
154807
64860
64410
10432
54756
5689
51004
135152
2771
5862
3042
65260
607
51433
57698
57722
8890
79718
140612
8891
388931
148103
51592
10447
57593
4891
26175
81573
3992
23191
7419
79898
54542
56062
9303
468
340533
25875
8776
10523
27005
84246
645996
283624
65082
80204
51104
9526
1071
80319
10252
11250
284029
10559
9363
23002
126308
8669
388272
90196
79960
92745
6631
2781
221302
55032
9807
6136
261726
55144
26504
135293
26256
2219
79805
353091
83743
10155
8492
55756
284798
115817
152579
55266
