492311
5869
10939
9185
9217
549
6049
140707
23270
63908
11138
386617
7458
7259
55750
599
100885778
29978
4591
259232
9910
148808
5601
645121
23259
116224
6616
10087
10302
27345
9892
23335
148523
7325
84910
5037
9899
6622
9529
23291
548596
7763
414778
1739
2744
7102
57446
54749
100129518
4674
261729
388403
8869
10150
84302
22866
23167
22930
5218
627
7008
7266
653489
6854
526
4905
51277
5291
377677
2926
159090
79137
23710
6515
6730
54462
22887
140809
55228
8395
10928
50813
256714
2566
8604
9776
84968
961
27020
6557
55041
64771
1977
10947
1540
3760
23582
55258
163882
222236
57613
2805
80273
25924
534
51440
8027
644873
6867
3131
54878
56941
23116
528
145748
7529
6857
4154
390616
389840
11261
8867
5534
127262
645974
221895
64506
55361
3361
85465
54332
54458
51128
64112
51141
55069
83699
8878
5621
23229
1213
5530
51149
401474
5604
55530
6416
3188
51665
523
6519
58477
9912
2806
9709
55607
80025
84926
273
79873
2908
51319
9581
84193
84064
26578
79991
5581
4677
10564
729156
148641
22949
687
221002
553115
348801
117178
79745
55323
81565
54769
8678
126433
7163
22927
6772
801
57030
6456
160760
205428
59338
100128264
5889
79609
55754
9829
2743
490
9331
2554
51573
55246
140735
85457
64710
7905
135112
28512
55161
79183
262
7754
205564
57403
201562
7416
59084
57213
54981
374986
143384
80333
266812
23341
51719
1121
1123
51046
50717
8803
57531
55617
2332
25830
153222
10966
728730
10313
81873
7447
783
6041
83873
27010
1845
219749
8526
6875
285313
144423
529
5573
146223
5801
221336
26268
56255
4552
7093
26100
481
6000
5073
27430
7533
2729
51299
5048
10955
3052
84918
5532
730094
140883
310
4205
100287628
2060
80219
200933
6571
5178
51307
57325
10314
8411
2029
11101
10638
284611
5910
7277
283624
53344
6733
440026
54946
8760
442319
129285
79624
26128
4809
79015
55207
7528
22884
10569
100506990
10069
2235
57552
64061
57168
552889
51361
8605
9927
55074
26060
4190
81617
51204
9577
29979
10486
10159
8576
51560
54902
51523
340529
23179
22928
144577
5594
6990
5049
80262
10048
256586
729920
55245
26289
8744
79683
100507367
3419
55356
26999
81631
145567
36
5515
2107
23219
283871
25940
5058
64412
55294
125113
2730
2550
51062
4261
570
64854
22903
29116
56940
57496
7813
6865
6801
79719
1964
81929
5110
26297
27347
85403
5468
81034
631
400120
1653
63917
23052
219333
219899
388650
5813
26580
80331
51652
30845
22875
7957
130507
9784
340554
22936
6447
22891
9108
27069
8195
50650
9665
22950
85406
6785
10891
10125
55915
222166
9813
122553
23392
50618
55852
5128
23312
123606
23074
9975
8774
22841
22908
84333
23492
134429
283578
3267
2785
79739
8976
55973
7504
311
55148
11215
54414
84457
60485
8848
195814
23285
4675
340156
94005
778
3572
1040
5495
160897
9737
55831
6326
8799
8565
23507
7172
255919
127254
26034
64839
51094
5527
8555
11275
55331
400
158586
785
57488
9114
64965
84871
55748
5781
79993
10618
27244
29110
8050
81533
79762
59343
80124
81563
84056
83737
9117
4720
9530
10479
63939
9270
9908
2983
23516
55163
51393
5999
51028
29114
55030
221710
8935
57692
377
9699
56934
192668
3423
221830
100631383
23011
23760
8564
55827
4942
81627
65018
4976
11041
23616
79718
11245
54914
11059
7718
10614
55650
116931
51552
64756
84944
11212
5537
29767
3251
8926
128866
3981
2903
54463
5718
5524
9867
401097
6310
8674
57512
79810
89801
94056
1182
10114
7433
7168
26056
57559
339263
55924
57542
729515
23338
118426
79365
146894
373
23647
23583
54566
51555
54812
5019
284427
84251
132864
163126
286097
10767
147339
257194
51335
25923
79020
644596
9637
1983
5494
887
5160
345757
64398
54968
100505385
100506882
7167
5602
10231
83605
4659
2181
29097
84649
611
57095
5870
339745
26224
254170
29887
7871
10687
5879
6638
401548
79956
7301
54602
6512
9848
7109
5646
192683
252969
7084
8505
57520
94160
29970
29982
51103
60313
80821
23596
2571
55284
23514
5567
5867
136319
8989
7257
154807
134957
8945
93621
57468
10550
51382
5705
64393
84364
55907
121551
1737
29119
5071
5274
10276
9275
26090
143098
79982
9054
348980
220965
100129973
284273
51318
56912
60559
91860
10669
5877
2005
5660
127700
26515
10085
753
80227
90529
8437
9525
10776
134218
5906
5165
1740
28955
729648
284424
23786
805
5295
79018
3093
116984
4704
56990
64397
844
100873965
5713
55638
140885
677805
133957
283316
220213
84816
8622
10133
9218
55322
55313
139231
79699
25801
27248
730130
50859
286002
6545
25979
285533
11072
54890
10001
219738
57026
57282
1859
4644
57718
9070
57414
53342
54557
112950
64645
4884
10787
132332
29035
1389
644248
10079
55972
340481
202018
100129128
55173
151531
5412
92106
488
2948
83394
114791
55352
113675
142891
6342
10193
100132923
23424
25977
23600
29953
7782
10097
6653
79837
9874
64768
23107
5522
51313
9615
291
90121
55153
5223
3831
142679
171425
4974
10279
8987
56776
55812
5860
1408
51606
134548
5270
56648
91369
56143
5191
7265
219623
54495
343990
414765
116064
157769
26260
122773
56140
54726
439921
80007
10681
51227
115752
22849
26994
989
51566
124817
64744
55605
23362
148304
5176
57181
10402
56137
84312
5579
5208
168667
9752
389941
139221
153364
3904
84945
56135
26049
9229
55662
55334
23369
8001
96610
79815
55466
8490
23300
84938
134111
3775
10670
285601
80021
7453
6301
170850
9802
100132891
55432
9142
1607
94107
151760
27294
10098
23092
114876
841
9063
131408
2965
56
56141
5814
23386
60491
100286844
64400
9655
199870
126272
4097
153743
168391
226
8428
83544
309
10553
535
57460
55699
255488
54842
56849
255167
55359
9878
56136
9538
9796
7779
222865
115827
283349
84188
6478
9107
2280
29965
259217
8724
100131060
151649
26995
254778
258010
56147
55177
100507404
51451
112937
56134
885
56142
3638
83988
1974
5230
342371
339804
57132
169200
64376
10447
159
54472
151354
140739
346157
6390
8887
65264
51075
54704
4685
7336
55255
9690
219771
1173
80829
285367
401190
51170
56138
56139
8763
7268
56938
79712
56146
80759
665
200373
399665
9648
283078
55529
338811
4338
10026
138046
7220
221016
7320
9097
4199
55847
92255
4189
23176
11034
23787
56145
9446
84912
9093
11102
84254
54205
6327
7532
5510
144402
80213
9749
51619
54843
64168
10102
56144
120939
64881
51106
51301
127933
6786
3795
51725
84280
2996
11342
7480
51389
84993
167359
5862
10884
770
55742
10211
92703
9666
55571
51132
54682
9804
9474
506
7030
9604
100127983
7386
3747
4134
285282
54928
56913
8226
10396
51119
64121
64283
921
55788
5638
84897
1362
201895
100506538
8743
5504
84100
56341
116442
140767
4191
10134
4711
11163
64754
57700
26051
5899
386597
10558
7879
5791
5746
5924
5066
4286
23479
5306
54585
54986
56950
317649
6400
8618
28966
23122
283554
26503
7068
2157
51669
4012
100861402
3988
81832
635
116
56910
26225
9025
10055
57614
23390
54545
10152
54840
85476
100862680
412
79817
9445
6558
23420
51701
22924
8030
3920
51247
55197
734
100506791
27012
26585
55611
4084
2827
221035
65977
283455
57142
56704
112609
10900
6814
9926
766
253152
284071
81689
54165
23236
401994
3163
307
54680
1353
9053
9377
118427
83877
285555
5538
100526835
1428
55105
5563
4130
85365
51507
401541
27122
57532
1662
55144
762
4835
153527
100287497
55859
11196
7360
53
80762
5711
23357
1073
389493
90634
90407
59350
140458
692099
158747
23109
9797
23127
10440
220202
3172
160418
51646
5241
51026
5631
9922
23177
5101
7534
9175
664
339005
3382
3617
6999
171220
26127
4528
88455
114928
56675
158293
84224
79041
122970
5590
2561
9481
285362
29960
54014
1300
2893
130399
8988
5588
419
1960
285780
10005
9771
222234
28513
25874
3840
79644
9783
200232
64409
6579
284422
25789
140609
134510
345079
728084
340562
3433
5001
4354
149371
3945
9890
27199
8739
400046
55314
7342
3612
5734
144165
6197
120892
29091
9517
51265
2395
2557
956
2026
4306
284615
6645
1128
127253
8507
221545
54940
98
826
4718
10016
873
83692
27101
84539
11216
23376
518
5315
400761
4978
440
9722
25818
3845
401431
9135
8539
27067
373509
54107
114134
23230
84864
1586
55039
10739
9670
90025
255022
367
50862
56888
5580
51377
201229
100189589
10040
25912
55297
23017
23180
142940
30849
23012
140689
51102
9559
9456
100287932
127703
60673
3788
441061
79893
338557
54884
7915
57471
318
93377
200879
167227
148534
114926
64798
6620
117248
10423
152404
2123
29916
64208
126731
955
5162
64399
26059
996
7390
4603
84909
5950
4660
84852
55922
54149
64921
50484
6457
286343
5481
155066
81537
23333
57463
92400
10775
54778
55090
29068
11069
10438
26032
493856
8633
91133
7881
366
445
256309
64089
84230
23142
9499
58478
9099
120526
4836
90637
51528
51104
6853
339822
9844
642946
8553
898
881
54033
781
96459
9352
3036
5824
8079
1902
6675
54793
257177
11040
221294
406
58494
491
132321
100287314
54386
6523
57708
5161
5055
400073
1830
29774
57092
7170
55791
91137
60592
91149
9211
1432
114800
57103
84216
8808
2957
196394
9915
2847
25758
11143
116138
6751
10138
408263
25849
6612
8927
148738
9166
144108
9575
100506462
200728
51666
51126
55206
93164
57528
145447
22802
7071
55902
151313
11080
23410
10439
10404
2114
340419
497258
23031
5744
55794
1783
150726
23205
5334
254013
9242
3356
5650
80315
63905
6988
390916
56674
148930
10725
195827
29101
51616
55585
51495
1844
80854
7334
1131
4234
100128130
9382
10294
100130418
165215
23446
100506527
10059
653129
9429
541471
84947
9694
5217
50840
26003
7058
9868
85478
51253
100113403
28962
2119
54206
64651
25875
29993
122830
8624
387357
56479
80344
84159
9338
677779
7781
10529
2203
659
9728
81621
6820
91775
55450
3344
147837
51373
11315
654320
30001
25821
5201
5525
2444
3790
5728
5634
439990
55234
79905
51138
6647
85453
55610
29078
56271
51527
56062
338699
90809
150147
121793
121665
81706
201626
399668
51022
10368
10463
10490
2824
2707
91419
137492
8560
79017
84321
815
10073
81488
5136
131474
6414
54432
1604
26355
286187
55486
54970
407738
161742
285095
8548
90627
3631
11153
123688
65009
400745
4287
9016
10420
10135
9891
8228
6386
53339
125228
11154
54103
6844
23111
11001
760
4706
23242
84934
25793
5582
5595
8536
23336
4217
79698
64922
22876
282809
6391
80006
53916
1741
51605
5500
51559
80823
55288
23108
643923
51321
64116
55032
225
966
27018
55844
157567
2257
5354
23208
10239
54407
29095
8611
11320
9643
284751
9101
2954
8470
4702
5478
2953
10573
100131320
7357
7070
151194
9687
255275
81602
343171
7389
440145
51271
3326
116349
9342
116068
138199
2562
148423
1519
55745
400451
3434
5357
1211
25847
150159
57180
55861
9917
23233
56521
57020
493
541578
148362
55346
56997
79109
5575
81614
84277
6691
55270
8073
10920
7095
163255
2764
27165
4345
164832
8767
10653
56650
84735
339479
90273
79145
23271
100113407
26589
100170841
27145
79647
85236
1848
84814
541468
10105
259230
3990
285315
115557
9823
398
3269
55853
7368
27239
51397
6856
55449
246269
51603
2555
100507439
139065
253558
10487
4987
55317
9317
7247
150572
641371
10116
5432
222008
64145
6252
266971
51014
5464
79772
4758
100129792
64940
57683
1556
9406
399947
203547
56477
10197
10444
116362
57583
6754
10886
9778
200734
3872
23080
8722
25927
152110
55122
8821
3749
79658
158399
64327
8036
55109
643246
23568
8502
79823
57143
5026
57185
100049716
440894
10351
168451
23408
23466
79442
8898
10352
9341
3656
26750
23673
84856
9369
5264
84707
8549
2134
7857
4088
79133
347404
138639
121256
23032
83445
253827
5520
64753
51714
2274
80258
54521
11146
7784
51195
5321
57062
143162
387486
51807
171546
25898
131375
4121
29999
8864
10771
10933
1212
10519
134285
10651
137868
5188
255082
84987
3354
124808
340252
5053
285626
145873
80777
120379
9069
137735
22931
7066
10818
6444
171024
285150
2346
445577
9743
1393
10273
5887
100527943
1738
3739
5168
23232
8567
444
51760
100288181
394
3489
284486
84640
339123
7381
6500
9673
401494
6753
25871
5122
23569
389073
108
9519
100506343
100874198
122060
149603
80013
9536
57511
55572
3208
1386
92002
149951
221223
152789
8382
54893
9570
51144
340542
1486
10424
399979
25778
22895
10810
175
246312
2558
112611
229
6549
27068
3736
260293
113402
399697
56906
220115
90355
4947
3759
56311
388799
90843
9527
253635
55312
199857
79589
8204
9840
3420
9821
1371
79154
347686
55170
253461
10128
