123720
439936
284800
2071
7084
3419
55177
9677
83850
166348
129049
220729
23582
6891
529
6557
23479
55650
55245
23208
23357
50717
54458
406
205564
8799
388403
10618
9054
64506
310
283755
831
51573
2145
133522
84912
599
55163
54682
340529
64288
27351
389840
27034
23176
400566
645121
128637
55750
57185
91149
9913
9825
23710
100130418
221002
7706
123775
129685
54456
25821
5130
10384
144577
64061
9866
23315
9481
4074
5869
56940
23052
114088
56172
387680
26268
9391
51277
57446
100507342
117289
57062
25992
10302
140885
116369
3718
9185
783
55258
6875
11153
8932
64768
283537
57692
80262
57463
5071
55625
8675
57659
5601
10314
8284
51429
6988
5241
4122
6773
100287497
8605
79608
10057
4905
11143
27165
100499484
10947
8604
117145
84947
57095
7458
285175
2805
23338
23127
60313
113451
259232
9404
55246
27020
148641
56261
9673
776
23341
79015
6730
100506634
100302691
6519
26249
26507
10150
51752
127253
80169
79745
3361
57478
55356
284273
4190
23408
1798
5272
100288181
8869
55069
3382
121260
54742
22909
6049
4660
23514
123688
9882
5395
23062
127262
23242
9665
7102
79932
56882
4974
441272
401251
261729
283420
253039
51292
151126
5160
282973
347736
340156
23175
9737
283551
7109
728730
4354
126823
23270
1040
10425
23131
57184
283455
54414
8678
80235
55041
89782
2634
59084
8871
79956
644873
132241
112937
80704
55422
83873
168507
1604
5073
55466
85365
347918
6327
10637
9354
2649
6616
135112
444882
54842
23035
1845
100288332
340371
57460
9382
4552
140707
221545
59342
7248
9663
54806
4705
399979
55585
11245
64756
151393
8287
100287722
57512
5522
6734
81894
84897
150681
80025
57552
84079
81565
202333
25778
2948
128486
9099
6529
100127947
84851
54749
55066
390595
27244
140809
2566
55102
100506714
64210
526
23633
147463
83752
196740
266747
387338
570
386597
9217
9878
957
51059
58484
54872
54206
90025
59343
54434
8458
11118
8893
4720
9581
2571
6786
7259
79837
114791
29092
64112
4154
79104
6293
23051
84276
25875
5291
6574
124923
284521
9764
4299
221294
401541
23116
54103
79365
8569
6821
2277
10745
89910
8653
5860
284348
89866
9848
388591
55337
4835
8515
4836
29126
10553
258010
55275
9659
83440
4358
9053
6772
8650
10015
149478
100499483
10738
100631383
3131
492311
65981
158471
100885778
55852
6674
9557
3752
3113
66035
414765
55902
9897
79834
115361
4144
92106
64208
9487
549
286042
5893
23229
5016
23259
283726
78991
283848
6311
100506462
645974
79400
2908
9881
64771
23196
9844
64412
9813
54884
340554
3633
2213
5791
10928
79018
4862
144423
2036
9577
210
54980
10903
285533
84260
3128
481
114928
260293
23621
8476
26013
10069
10231
4216
100131320
79815
10147
92399
117248
727851
373156
54865
140883
7404
54867
151556
317781
317760
22927
30817
64969
9815
123606
388325
83473
5621
6775
200014
1235
79979
254170
80349
9805
25974
79991
254428
23387
144132
221400
23235
54877
6272
388182
84217
3109
22829
7433
123016
5538
146880
23339
100286844
2140
3683
22949
256714
83937
79719
7093
283927
6416
84961
8778
3118
64332
55030
23258
9172
622
85445
170371
57134
9776
103
5170
126661
55778
2744
100526835
5058
92521
55228
51528
93426
162514
6853
5306
79993
83737
5208
114548
5604
23092
202
285512
3656
9717
2235
9945
10350
440862
117155
5787
30849
3700
2124
83478
64744
53616
4306
84901
55054
25981
27163
3570
81873
9117
6854
125113
64802
84498
54093
5602
84978
36
378805
9687
23307
100128264
54899
10955
2806
121601
400073
10420
55384
9903
91316
582
351
10564
2630
100130887
26578
222236
8874
84084
387644
730102
151313
54737
2648
8292
1200
311
79154
124637
10677
51322
1591
8565
1571
84166
57139
5046
10717
26276
140699
125150
2272
9695
377677
130752
26037
131616
843
147179
55352
23420
3108
9414
8945
4891
374977
399697
85457
54925
23252
55811
23516
8195
51206
26051
10058
687
22908
29062
79157
220594
55154
54914
23305
27347
284424
63036
9063
23205
51531
26503
23410
9771
22895
4141
16
84796
201617
3122
6000
22928
51106
23345
100189589
5993
6867
54981
6653
10125
55612
57578
130951
5554
22891
79970
80179
81609
401474
9389
5101
84680
4942
3112
84900
9617
23167
64432
23780
154442
57613
116984
118672
629
84193
127700
91754
7172
29990
1159
10987
923
2822
4130
353497
203197
4199
8867
3712
3695
545
222865
51606
5053
389337
8518
6809
23336
161779
23017
528
57468
146857
146923
63908
79744
57531
57530
100507387
8745
653160
51738
8506
285268
339977
440248
643180
3708
51433
100130691
84698
64397
5463
81790
346653
57488
83854
23120
10939
80352
133418
152110
563
921
8473
10349
80174
54438
51434
8522
2743
100507018
8263
80227
200931
29954
64577
25943
3628
400745
54916
388697
100268168
5027
11159
2629
376267
64798
9899
163882
79905
112950
23233
6584
27102
963
136242
23492
148898
51028
8737
51318
25961
100133545
2157
8576
2760
8611
29760
23639
8555
148808
440345
3821
57476
11149
114819
497258
22989
221336
100131827
84909
10739
644019
11216
5037
2800
100507283
22875
10737
57798
338657
57658
1759
51004
9812
414189
25901
169841
83875
2114
246777
100126321
118490
334
84871
57020
7185
100128675
283629
5588
1821
100131755
155060
4599
64581
100129540
23743
1837
84289
3716
10038
201266
3687
728537
54847
80342
5383
100288619
3140
144448
259217
23114
10217
100506499
22930
100131060
170679
23111
5209
132321
23117
51066
92335
100506882
91433
440482
85452
440584
124460
27010
400591
22898
55313
85379
7941
6812
9924
400046
26289
115362
5026
10531
131870
1314
2554
163223
23015
11035
11320
7798
100506465
3561
1939
57221
219539
200373
84944
65123
84812
63932
138639
9515
7533
113
8509
145567
172
57559
79962
100874212
58477
55652
253827
55187
729234
716
55815
158135
54878
50856
401562
51303
6558
127733
1508
79846
339263
57143
1804
7447
79027
860
253724
26140
2794
159195
4591
51654
2965
56899
314
273
220002
84676
728404
3765
10747
2017
27148
80003
400954
55361
11234
23362
84816
9922
7405
64849
84735
9583
340152
8434
2026
8774
55064
730130
64689
100506544
8672
6430
272
55359
51312
63917
400238
25849
3818
257396
57823
731220
3736
284613
55876
59339
4286
133308
338321
8501
677805
51128
160760
2729
51524
283284
972
150776
23597
203286
23077
401190
338699
9644
112609
11019
339666
83699
83394
257044
653316
85015
54793
1512
165545
55831
246126
1795
7268
100131454
84657
55008
6553
11226
11240
220
750
842
122664
126626
2622
1016
3909
6447
405
407025
59338
29125
131474
84448
338651
29087
54429
8526
51735
553103
6261
55281
285440
9103
5188
28966
641977
57705
6262
84918
7327
667
84803
8291
57169
159090
283130
23424
50618
6744
23070
9699
10580
27098
11342
84820
9473
23195
8553
1318
375775
50636
26206
285593
401548
120892
825
339005
443
7168
7453
114796
9372
80210
4790
283038
339804
5218
132200
9369
100506746
56246
4179
387590
91373
4817
139716
80212
122773
5824
283820
6456
11155
80005
653739
3551
7008
25979
118611
196913
8353
87
4129
5476
22806
9648
348938
57602
201229
54970
57519
57562
54662
10569
6402
155435
91775
84981
3117
8549
79726
79161
118738
2620
4217
2561
5470
2592
1556
100506881
6778
440348
100131067
256356
2030
342035
168391
26788
3354
221458
79644
10110
57674
130916
2983
84173
387804
7066
80222
6819
476
23304
286333
64098
127495
7342
23461
57118
8495
387522
5742
100507257
5468
115584
2677
5746
1838
90634
3120
2705
55037
29070
116931
23291
100506637
285596
1123
27327
6323
84159
4671
140803
84302
5337
10989
79722
4674
915
53344
6515
23335
51200
100507582
400
5747
55858
128346
535
55644
23348
1586
84060
81887
285352
492
57475
80022
5877
400673
10617
945
100506258
10426
6894
157739
6900
80821
114823
256227
79628
199974
114327
161497
91369
3059
6414
9855
7318
4638
27229
23061
7754
283547
55599
23179
399821
166929
100129196
51195
78987
55112
889
51032
84451
130872
3903
79925
100873747
389812
164832
51704
115196
158160
100505555
203859
100505716
3111
199223
9758
79739
51279
84852
57191
2475
134549
50813
374819
2979
1431
9016
11076
4528
100129518
5305
254887
55717
56181
256586
127255
4012
9927
490
51380
54360
338817
79068
55323
51555
57542
56341
84218
11107
284486
9499
1520
2804
51300
400841
745
6197
6579
51561
2595
401994
80333
255022
84542
55805
5923
4166
8622
3778
1285
80183
10482
23025
8743
9400
79696
26130
51665
27122
84073
255239
27300
1794
10826
9975
8567
5151
8404
84836
54943
374403
9711
7277
79000
10891
26118
57496
9777
84910
89884
400761
2926
5066
2215
55207
115019
133121
9645
84771
4253
8934
26034
339822
92291
54432
10087
643338
399665
401172
285889
9209
54566
653427
3290
7163
25793
171024
10686
8808
168667
148137
79041
91949
51666
339855
7462
54739
285045
728053
55869
23136
5129
8618
93349
1739
134218
5169
2005
23491
257144
10687
729156
801
80862
9909
837
493861
100507062
439990
84106
145957
3684
2635
3988
11010
254531
100874090
2802
9802
6770
10578
340267
51092
284615
488
9228
7378
285203
4439
22876
27069
374860
2821
55662
11145
51335
58504
55657
192683
440434
57003
55014
7058
8034
11112
126075
51768
342132
9887
728233
11059
23428
55619
342865
11046
8418
100131096
440270
26160
729873
419
961
55357
7011
55861
2696
2135
126248
3001
643008
29097
5297
2330
100873759
64834
129285
5189
149069
3119
6642
57709
100131897
64745
23349
440574
51725
10859
898
4340
7266
345193
10346
55827
84914
5653
55753
30845
10198
80737
3737
9779
23285
8814
1389
631
57560
101
653252
2160
5168
3981
3231
93643
22802
56063
79092
9187
51046
28968
27296
7060
100129792
10391
100506274
677822
11108
6711
51175
9778
55074
285126
23604
57035
140767
1307
219749
5794
91948
10250
51062
155400
65264
1410
23382
158800
286499
653129
56650
57172
90121
10181
4677
7068
93492
113277
5266
6349
130749
23189
26056
9765
84856
54942
728888
55744
7905
2887
2892
10486
1121
8030
100874158
6901
7508
56255
150696
158931
100130015
114804
51517
4647
8288
2947
26585
146223
4882
10529
100506668
93668
23308
26750
51148
1606
220980
9829
57720
730094
5167
7813
23057
307
23355
9475
9670
4123
5354
283507
10241
4261
3433
100132077
54
56479
729096
342371
3139
23033
348840
8906
10863
58496
339829
728989
146177
7504
23731
221806
6614
200407
100130231
2185
623
440
139081
140687
23031
25780
2086
91050
64764
100287628
4088
7292
84866
26353
100505636
6871
79085
10061
7070
83593
1521
25940
51085
439921
1371
3920
2110
9725
23503
57830
8777
6534
3376
60370
4642
10507
55769
5137
25900
4033
3293
57584
118427
51533
22863
28513
6098
1375
89801
57189
7544
8875
6444
8927
8500
5213
7360
84333
4308
440040
9892
27248
22866
1039
5660
160897
5230
8863
340390
1234
730227
262
57406
57477
1043
285908
5924
4147
29992
9104
5579
64393
84340
3141
79152
25830
29761
84215
133874
221442
2038
8754
9823
10902
7018
54812
284047
57214
646576
4124
88455
23102
92285
6857
57724
153684
2200
139425
65125
114876
253725
145757
4820
3606
401176
2037
163255
338963
8496
285266
9331
56850
80705
56648
55665
56302
56243
64231
116285
150726
84162
200132
51094
5283
122402
7368
11122
29993
282809
644168
9275
57125
81669
286006
25827
55061
10388
51560
85449
5414
4126
100287314
100874042
229
5603
57571
719
2329
23197
117283
4884
3663
100272228
23113
9722
221472
90627
80219
255231
4864
158747
55592
54887
283922
729092
7442
9917
165186
79026
116362
8760
90780
221191
1368
26033
64283
203102
100506736
283358
57325
9639
55748
285231
5713
3423
27085
4438
1441
3766
1213
85478
7030
10003
933
123283
100134259
7181
23041
84064
114803
100527964
114826
5889
100505616
3798
96459
57467
574432
153770
92822
5081
55328
53828
151258
22824
79624
285855
387921
56919
23048
220965
100288428
652276
90809
283970
9308
27109
494513
84301
4780
3249
650655
4621
123872
348980
23787
7335
9970
818
79589
127254
23105
55617
25801
64478
100506144
23500
51090
167838
23007
10313
152503
9863
118491
79020
93953
3577
9783
339883
26127
9101
84225
51619
25966
163131
37
92715
55314
284996
284161
221476
84964
9828
148545
5149
6817
8887
94015
25758
26999
118426
2099
388558
51075
255349
64240
6314
27039
440823
728621
10133
25972
10911
121273
400798
57217
4973
1131
9690
51233
962
286186
55998
4867
55799
8821
123263
57614
284080
11147
84071
29841
63916
1427
10277
100133612
200958
84926
2065
259173
57198
3
388948
54768
55268
388512
91543
54557
55530
83660
440050
8439
91695
9921
1522
58473
55853
23504
51319
955
63895
57594
83697
6539
2893
9840
57282
143384
7325
145241
1236
23250
22808
8844
9877
6041
9127
6627
399
23367
59271
57213
