2256
7126
51657
79188
56113
56109
56110
56106
56114
56104
56108
8641
56103
56100
9708
56112
26025
56099
56105
56098
56097
5098
7167
5371
79042
83442
84514
79777
4924
58494
2023
1839
100130348
5351
51092
10695
79586
3939
11253
7542
4282
9294
10295
9094
126014
200942
5819
11314
84336
8131
25796
25825
55113
1384
80347
5329
90203
2896
51545
6939
27343
91663
128178
55337
1650
55830
114904
51537
256949
1636
83986
11000
10266
2783
4255
89894
3588
10865
8974
6141
6130
6159
1508
2771
8614
283849
10318
23399
392
7791
3716
84695
2057
23191
10227
50854
5223
199745
3155
374378
7043
582
5054
226
4828
5740
84447
147015
81858
6223
2319
151651
55501
10945
5230
284361
11070
2584
5034
100128731
25987
10454
83985
63875
4093
91647
140467
1891
8705
653583
100134938
832
5606
3073
8273
57124
593
56654
5970
64856
5265
246721
602
6192
3460
51061
5045
811
6281
1198
8653
5914
25844
1643
3678
11186
51157
5866
710
8767
78994
5986
10489
2487
84243
729723
717
80864
8407
51294
22795
84885
90231
1796
22918
1495
1819
9754
131601
517
333926
858
51368
92737
10346
3587
29997
79643
283104
746
3718
148229
6234
4358
80256
9672
2907
27440
5187
7423
170384
55620
197370
215
10316
6137
114990
83590
6533
80760
8572
57761
4351
54814
7408
51246
929
51272
25813
2720
6181
26071
54938
23764
6746
124935
64598
58986
84148
124995
84067
2597
80271
79903
6696
1282
51006
5641
2273
6187
977
83854
255394
2621
7040
4669
51763
22873
5355
4017
6915
25759
7045
6821
79735
387882
146547
84650
150383
79877
1675
2731
3784
55954
5216
148223
826
28960
6665
3915
1154
126326
79089
79763
79797
3958
1316
150368
5033
10399
1460
6781
23385
23549
11156
93129
51614
112770
6576
2548
24142
284023
541565
6813
1727
5745
200312
920
8694
81876
9948
60672
254427
6217
114
3553
84313
2821
5163
5292
3297
5479
93100
57048
51094
2335
55449
857
7841
10554
29780
664
83606
7171
79001
2120
54920
414765
4600
5155
3689
6176
5352
8829
388324
6676
9049
653160
91179
5211
4245
768211
84545
60
100506211
10957
482
92714
4846
5190
8269
871
6050
6203
56999
51170
1284
91300
1201
2028
1743
26001
91289
84326
3270
11078
928
100874203
90204
55647
3123
79709
54929
374877
254552
8778
6478
9052
100506696
79144
10450
2275
5564
976
55090
9023
10287
4814
290
27243
2022
2212
196410
126917
5106
64847
164091
641649
390940
90024
27036
3764
148022
254359
128439
83707
6455
25797
57418
9450
619563
55625
4357
148398
2593
136853
9873
84892
8635
57409
2030
81576
5916
11040
397
10972
126668
11068
80270
9060
388796
633
682
4641
581
113452
84314
8542
162417
95
81605
29085
947
6136
8676
3910
9351
7431
1824
10882
25807
3791
10979
8933
136
79065
57461
5228
2010
56901
80194
8459
55260
645
51586
161198
64855
10058
2041
1271
6518
308
87769
256302
57716
84270
27433
83667
80199
375790
7128
10162
152189
100507156
10067
55515
9123
11337
83643
23612
2826
90952
4215
4811
81035
967
126374
84662
149473
93343
132160
1003
7042
6449
79415
9719
3104
84443
54922
58191
3397
6911
83690
5205
79844
6132
57593
9663
54531
6188
79934
3727
5325
51027
5420
9491
389
7041
57153
712
957
9697
9314
10994
5341
2013
64224
54442
5148
479
5585
11167
6799
8460
2321
4795
390916
678
8625
2197
9091
124641
171017
85409
404550
10581
84705
29927
152273
6513
10342
4126
1889
51296
84286
221927
60626
10252
9260
54732
7076
3995
1292
5476
79842
1404
26010
54946
2950
728658
349160
54829
64411
90060
64221
5880
3426
81575
26469
7200
3948
284018
10437
7077
968
284114
29926
10423
7122
51150
6566
55129
6387
7851
949
7107
790955
721
65982
1500
1397
84836
9501
7643
6890
115817
6282
53827
10025
27076
3486
7424
5883
64210
6134
4758
11119
10319
25771
4007
5154
1757
6573
4478
50865
51393
55374
6520
51232
51279
715
5992
5252
8702
80097
56005
25839
83933
79629
3487
441951
6464
2214
23593
100306951
1822
256987
23218
57194
9045
2683
80017
3615
2
8751
9466
7349
7132
2997
6397
154761
100505783
387066
79652
85477
729970
388341
64788
81532
30844
55790
80781
54985
128346
10139
1192
5589
8996
81932
883
29801
3142
57333
27348
3164
9180
2300
79812
57488
134147
392617
2669
387763
2027
55974
148170
79720
65065
162998
147040
9973
79888
56953
2113
10365
283933
1291
81562
282969
10609
5768
100653515
64755
4048
632
83786
8547
66005
57701
2582
6193
80233
642475
3611
5886
388581
27173
3488
283383
79816
55742
9806
51160
740
151
3055
254102
2235
2738
7511
7414
7538
11326
2324
125144
550
56963
166614
10467
30008
23129
3566
6618
22801
1605
84337
3428
4668
3725
51093
30846
3655
6237
5327
93210
221749
54510
5437
4232
6232
10253
285
3455
125061
9945
83483
23474
353322
53405
78992
54480
29940
85450
29904
2687
2207
4609
10587
5192
9618
5204
10838
80045
9744
64005
3912
6948
26502
3597
8798
29015
79729
8797
196527
130814
3106
9777
486
971
60343
255877
2512
653361
147798
10549
665
6606
6768
84245
90580
84287
53917
3049
51078
9146
252839
313
8519
51107
51292
6320
165
6497
401074
374659
79603
57140
25895
161882
79171
6158
6448
10948
10044
3779
7311
729678
51008
10768
8818
9235
9021
63874
163732
150962
50848
9028
113026
6521
90522
55698
10870
162461
10848
8045
55152
3936
141
7035
200035
6156
4688
639
440356
100128025
27090
54345
7067
123920
84632
6286
644815
6567
91107
55650
10509
205
84219
27013
26996
56262
1774
81857
388524
978
51363
375387
720
25798
3399
29946
55194
84283
3339
5328
145864
51655
51490
84876
138311
56905
57801
388531
6578
100049587
11015
152302
11328
10956
2353
79908
6494
445372
28951
6892
83874
6161
10675
27147
5777
4091
5900
64175
22899
374395
91949
255743
64067
6007
4277
255512
80177
114881
754
9961
51548
10095
8985
53840
7450
7760
64223
51116
4000
65094
94
6524
51149
64651
10400
2595
2217
23498
26123
4313
382
29092
401944
6133
63935
6208
64773
6904
50507
713
51225
6472
29952
54961
7694
6774
8842
84069
5738
2354
79875
1435
9274
997
51307
10616
55803
2906
7469
65057
834
513
11230
1265
8061
2012
2021
7004
25973
3921
57175
100128164
4055
400619
55062
26084
196883
56892
5831
7036
6688
3099
2357
241
26509
54964
112483
123099
284207
10627
552
23421
4046
7168
2615
100190938
84634
1893
3956
54862
100132116
286257
6175
51129
100507524
90378
7422
167359
4092
64423
2014
714
10410
780776
100505978
1760
6300
51374
55818
79856
3663
54996
51162
84617
1312
59
2116
11147
85001
3105
728463
7805
4323
375033
6525
23521
26164
5753
1535
81
26063
5720
7454
10782
339488
33
113189
55321
5836
23203
134265
25937
55224
55615
6881
256126
26355
1266
256329
5152
5829
55707
1476
353
8436
3959
3490
123803
79798
3133
5820
26261
84973
27315
54682
348262
51060
9641
56548
5333
113278
257407
3383
149563
55908
8664
10960
2078
2050
28231
100507194
6006
6891
85474
10160
23144
4939
10459
25979
9415
126308
55663
143903
6222
1652
152002
23371
7052
64718
93487
4059
6923
57719
388
1785
1408
55114
1730
7837
64976
54937
25897
221491
5092
10060
10135
9095
10998
14
51705
126382
9374
51063
10312
3965
79742
706
22901
729085
3107
10019
64094
7005
27151
896
85363
79073
55588
6446
57555
132228
3491
55640
3783
10272
974
2122
59341
10474
55069
960
9535
2242
1953
26020
9546
348487
23659
51398
375759
6748
780
79990
8884
8717
92689
197322
53838
5467
100506649
56971
4627
3623
255130
1936
7169
48
79102
55808
4637
10606
64838
2204
129080
1030
54863
27284
9246
57722
10226
100130958
10750
54867
81888
64342
10916
57130
80024
29995
8815
55741
9993
1028
3688
5331
2209
7784
2952
54987
60681
9265
4350
59271
2145
79958
221184
440278
786
387
11282
11224
3127
140706
85366
23016
10068
3672
10401
4616
219743
25864
55076
8140
9509
3937
100128071
57655
51117
4791
79651
94240
6515
2313
1388
1514
64222
9064
3162
118788
9322
54795
2067
4128
30001
51330
54930
3643
51267
8697
4162
7849
1937
652968
64689
9986
100130581
22904
84808
80820
84330
2876
648791
84631
89122
3913
7123
4854
5552
57222
83957
3371
302
5159
64123
3927
240
5359
27180
122953
126789
84080
3661
8425
1051
138649
22821
4542
11213
6143
54751
11117
6227
8862
57572
55643
81603
8804
4860
116835
23645
63940
5261
150274
7376
7133
728489
10849
5119
6708
6039
54932
81846
9907
55410
8840
6926
85360
3848
84976
1200
414919
81502
6209
51056
58190
6202
84065
245812
7030
1486
1606
8682
162515
25911
10661
79852
100506243
728378
55780
11006
337867
6303
28974
304
6836
373863
8175
51321
2307
51249
10148
650655
51337
2342
578
108
7009
7225
51491
5209
79095
9050
57804
100507098
6773
7293
84164
2063
9710
7078
221421
54869
112752
79155
56975
115273
25870
5236
6147
9572
410
222068
9459
25960
9400
65265
23523
54960
51255
9328
7137
2624
347862
23704
51231
23403
90313
115548
375757
10469
5878
27037
3750
8794
100127947
100141515
10981
2828
27254
7075
10840
6160
1901
5272
10174
84304
3485
140
93145
4739
8878
80727
58528
84667
26231
942
5863
81875
9564
100037417
84904
23509
92799
113230
1497
10683
80764
7512
1052
1589
25873
1026
3665
100287015
824
125704
284346
768
64236
197258
100127888
85027
9487
199
56731
2534
64581
5210
84058
220929
64174
7165
192286
221395
8038
2000
54436
79567
100506144
6483
2316
153579
339122
113791
728577
58472
29775
389634
55243
64857
8651
100506474
3373
203427
9935
8531
150763
170691
23765
11030
54455
54897
2799
51629
79080
162073
8793
100507054
912
4016
4066
83706
256364
7305
84232
92960
30820
152007
84266
6626
81558
7324
26524
27233
10570
9452
318
4689
7145
1436
64427
28511
55959
100873942
84159
58529
2056
8879
51435
6041
400242
8578
10783
2232
5064
5214
94059
100506403
124446
81567
64087
6678
51084
100507463
100505876
79132
6672
1326
54676
10380
348808
1615
128077
81786
558
57717
2038
28973
1263
6386
51477
79594
64760
9086
140825
677
7918
4296
54538
9289
4940
55630
64319
1801
5442
3006
167465
4485
255783
480
54797
54567
6235
1490
122622
57179
207107
3338
131540
144715
9037
7048
100506178
6888
1196
23353
116844
79369
81490
339231
163033
100313837
124512
541472
3059
115286
5373
5782
25970
51596
3683
54587
9002
23378
9780
143888
5792
64778
726
87
128338
9755
7494
219988
126969
1520
414236
3039
6778
2295
55026
55505
51070
27071
201292
100862662
5002
8795
10043
55092
5436
28956
54935
284086
59307
54540
27429
10567
5764
51504
4086
23166
55893
3903
100
201283
92241
8721
9775
64170
646074
28992
64852
401285
8754
800
150372
388284
2778
26608
120425
51380
3557
10398
203054
6909
26229
4327
29999
79661
133957
100507392
284119
3176
84709
221908
79890
57514
6480
128869
7056
30851
204
27301
284451
81926
9595
147968
51428
154467
85359
6016
84331
3659
9121
83742
57190
54939
83871
81619
151887
23075
57104
112399
727676
7094
653784
3257
8971
84225
5025
1464
25920
2787
203260
212
1978
54456
54210
51271
2657
100288332
6001
9096
440097
51622
284325
63898
143630
54890
10965
339229
148898
54583
80020
5871
84879
2894
7106
26018
55108
147184
7515
79064
6152
100507108
284129
9159
169166
10766
11238
143872
51004
5372
5583
84269
5616
83937
347735
54855
80772
4792
89792
113178
23152
51042
7481
759
85441
963
22818
597
9473
9214
56949
7157
10903
83463
1604
11316
340024
10801
338707
728404
1601
11135
6811
283120
7755
1906
255809
1852
6293
11031
5269
57538
56606
2662
283592
54857
80008
11284
2268
8611
25816
6876
25975
8560
148113
55336
196383
2623
57088
10630
202
26993
25893
268
126669
6745
182
4802
4778
1203
81794
9056
4240
1942
3614
10107
432
6624
11313
729440
100505771
5721
30817
162427
79642
57085
11092
126321
84883
6916
57763
10195
161753
9830
1848
646019
2852
1140
594
441518
27113
84875
131616
11118
2645
3386
6794
7703
55107
83468
1489
90780
6886
4038
200185
10094
22913
54921
219285
84936
8693
80346
127943
7832
9132
158376
100528030
90507
10952
54896
100509484
84734
6662
3911
259307
284998
256933
26121
6837
162387
79850
4833
100131997
653689
1800
5498
54753
3384
83719
145501
285966
51703
10004
54898
945
11093
10268
9592
152641
2356
8310
92579
222642
2791
1145
10559
1379
80167
348378
284106
3949
