64506
79932
6734
146691
29126
7084
259232
23479
23357
3108
2952
9913
9825
54742
51517
100288181
10525
599
492311
166348
2036
4122
8506
4660
645121
23315
582
54681
57062
9644
100506634
89782
123016
117145
2805
8675
2629
23582
340529
399697
127253
23600
79834
5476
129049
100885778
9382
23338
10531
54865
60370
642946
340156
9737
645974
545
55228
8287
55246
22874
23381
148641
8284
23242
23492
8760
84698
54737
339855
4836
23710
63891
23017
144195
285175
11076
23061
126823
79608
91149
492
100507242
1804
59342
164832
100131067
6711
6327
84820
23348
955
55361
222865
2017
80003
55747
65981
78987
1262
79065
7754
9776
80025
8263
140885
253039
64061
23367
114791
55753
55163
529
7757
57692
9481
284800
2475
622
64432
26507
7109
55337
84542
311
4779
113451
474170
1185
2071
83850
50717
10947
55764
5170
90113
83875
151556
310
57562
55750
644246
440435
100287497
9828
284071
284521
23114
140809
4705
6557
83752
6616
5522
100505555
8605
57468
54842
55245
9400
89910
127262
351
246330
80235
9895
284348
9909
66035
283755
27034
84909
4130
10058
2744
347736
51341
121456
101
283537
1798
55154
5071
55275
653489
4190
144423
23229
8566
2571
5383
9927
26037
1807
783
27165
9404
16
9185
10350
5026
340554
54805
221002
23127
25900
8871
51665
10057
159090
100129973
6875
4905
29993
6773
378805
83873
23176
339804
54458
5798
55722
64112
5621
18
553103
54982
9903
92106
5601
283455
9665
25778
9866
58484
7226
161779
4354
400046
10302
85452
83854
3687
7008
125113
100129540
4123
3109
54847
1759
56850
51326
27020
4720
114088
440799
123775
80737
100507417
10622
100507034
8653
92521
9922
84448
9703
23164
81873
146223
100132923
129685
246126
667
202333
123720
6534
80262
56172
10955
2145
55466
54414
400745
9764
11093
7172
23113
5395
10015
84866
257044
54094
5923
100129858
25953
9687
10928
9145
64581
254531
6786
80207
400566
57095
2648
23410
1639
9147
338651
3064
200014
8604
23461
6817
3718
79719
286042
4302
57134
80705
54749
8514
3909
3127
114881
5604
283927
80333
57184
57463
728730
6990
116931
85002
10188
342371
87
8678
84254
23035
55852
730102
100127947
283373
55324
55187
115
284802
112937
3119
25901
84286
59343
257177
100506881
286411
51092
408050
93426
11209
23105
100652739
83692
4216
2794
258010
221400
26245
9722
55670
55572
26056
376267
3382
528
100189589
8569
29087
26580
776
11041
100287314
388591
526
6049
56894
51277
3765
10738
57531
80212
8927
339005
23025
3684
9673
79154
256356
22829
55662
23305
54943
81790
7404
100631383
1571
1774
51411
79837
63908
55069
389337
51239
8777
51085
9900
222236
100505746
408
23252
64756
340267
9127
58492
85379
57605
135112
9187
51195
10745
8932
8774
23387
728464
30845
7433
57118
84918
9762
340371
440073
155400
84940
23235
196740
84289
221336
3117
57798
286499
167838
388662
272
261729
100303755
1606
161582
3778
23259
100133172
377677
388182
3354
80342
57125
151313
84900
83478
6867
6772
118426
4719
5073
23345
9666
6892
6430
282973
728537
114804
5161
440307
8867
646329
283985
6272
9826
388512
6744
441869
60487
100506462
1609
10444
6545
386597
100507342
2804
883
7378
387804
644873
54914
283871
1039
23270
26051
3419
6553
766
5130
570
3361
64760
54438
143570
339983
54902
57139
26112
89849
9720
352887
203190
9066
23208
23070
100302691
4179
57552
8526
7070
9099
10553
23196
54867
9717
80210
131450
266812
131870
54103
55599
860
6311
56940
10230
54877
10564
23163
23341
388962
122773
283130
256309
23514
3570
440248
23077
8622
162514
150082
2902
84276
83699
6795
66004
57217
6891
55815
54872
6519
831
84897
2566
375775
112849
8476
7318
6770
25981
2887
54033
3290
162632
2630
266747
8926
10349
79979
83394
5126
92293
5297
100874158
128346
889
100507257
7185
100302174
775
26160
84926
57169
51227
23116
85442
283420
27175
146880
51168
84816
84260
50618
9699
2926
26268
1556
54332
118738
3131
100499484
728404
103
57185
140707
54806
10859
400322
147463
79104
93164
4524
10618
158471
535
6416
165186
23195
127254
29062
6262
6653
23101
84720
151258
100507582
727957
314
27244
7248
100506990
3113
23175
84073
81565
5817
90411
389668
3251
155060
3606
10307
79925
728047
8799
55744
8672
23092
5580
2155
100128264
90634
8935
9581
7798
285266
9881
6548
282679
22930
128989
26140
23491
57446
79815
91775
1508
285367
84852
22848
158931
64755
8928
100131755
55625
6857
1558
6638
100286844
171024
435
27351
172
100129518
4141
79814
79041
1235
100133091
93185
5027
5795
7776
8382
5291
114928
1380
440021
5871
8945
55322
210
55769
51059
10061
2277
9842
842
8906
51654
23096
23428
253724
79145
140883
23093
100133545
64409
84162
100506310
8515
401253
84871
729234
100130691
256714
54495
2099
55650
256586
133418
26013
5208
5110
8553
9751
677822
64118
100131060
320
5141
387338
57478
51032
147179
64098
2801
259173
55617
8501
163255
441272
8745
221442
7030
58477
57709
55080
57210
8618
20
219293
84836
57584
84680
51573
123688
254887
50832
22895
89866
27232
152926
144132
10120
1718
5463
284486
339829
401172
5149
80219
79895
10170
219749
390595
401190
55384
64137
284759
64420
10891
221477
353091
85302
132200
9917
170679
6833
1795
9648
117155
3299
10347
10038
10003
55102
574432
83746
100049716
139081
192683
400073
10059
7277
259217
60437
51560
112755
1845
57172
25992
221545
6310
57582
401474
26146
8434
83440
4835
2592
130074
54899
400591
8000
54793
1294
841
100505834
56341
10039
10737
54522
7453
3981
2734
4942
5787
9854
6854
3101
2030
11336
5602
91316
1441
130367
100507387
100499483
79846
285596
54942
283284
91373
63925
55357
9681
476
58538
442319
2730
283848
203259
114987
23339
114823
79739
5909
283970
6730
79589
169841
340205
4306
5428
92558
444882
23420
114780
100885776
481
130872
57213
493
10069
64208
55061
2686
80821
127700
728621
399821
3118
84851
6499
898
10900
8509
64969
100506714
219539
9677
5209
7905
80349
56899
274
84301
55336
55207
348751
9783
81887
29760
6901
79831
4528
5048
84071
25966
27010
26999
285150
57496
9063
9899
631
9275
22949
9777
23052
57674
7447
60313
440270
26289
51347
114548
23154
55112
400954
9962
93611
79161
338699
653333
79015
283820
114781
10725
55805
7533
229
27031
815
91754
127733
148808
51303
79696
641977
6812
4154
4862
8555
112950
641372
9844
4674
57718
64397
3798
374403
25830
2039
54878
163688
112
25829
130340
2114
9103
119391
123041
1307
284439
23504
165545
284996
80174
11188
100505876
23062
91695
5306
57644
3756
23639
55870
80213
25940
23230
146923
2965
285533
3737
374977
85478
387751
51292
22927
3631
23392
6334
1159
5493
78991
5160
54707
8924
9815
79991
220002
29070
132241
1040
3700
8455
59084
5019
221472
79745
10075
387644
144110
79752
8803
9053
79400
130271
158135
126075
5468
83660
54682
285601
90990
3790
4820
440295
57519
79705
23125
23344
6248
57559
388403
221191
124976
64840
147837
100507560
54662
339263
10016
549
6894
729911
11102
491
9583
3663
55258
677805
6197
55666
151126
414189
10841
8869
80331
652276
5241
5037
100506314
109
1236
5588
126433
2743
6988
22884
64434
26267
11010
100505636
11138
6775
118672
6778
10384
4185
10314
645166
9625
147746
100874032
8120
25837
100128130
197358
100874212
4088
401562
55333
11024
9498
64771
399829
221806
374868
4771
83937
100033432
140901
158800
1821
643596
9855
23336
400553
8292
150726
130813
253314
6261
9389
220980
79669
130951
64577
3708
4647
23390
5058
124637
115650
100506258
9652
6515
26297
51550
553115
260294
6999
29944
64744
57704
51361
4640
55644
121273
23051
100288619
91433
286336
55902
113
1375
50813
55585
340390
152110
9779
273
25875
55966
57560
5784
57724
80325
8893
271
5016
200879
84803
63934
284273
9132
374986
768222
729956
139716
692094
84874
2185
100272228
57035
8522
10739
25957
23215
255022
22891
4548
80179
64768
10231
25849
10687
10953
5905
23786
134218
1838
28512
25956
254050
339789
22852
9284
4217
200373
285203
3712
149069
9311
9515
283038
100130015
117154
2821
56912
148979
654320
22824
59338
4012
27040
124923
144448
1120
100506384
9640
23516
27339
7066
3903
133522
54967
51272
4299
8911
8987
963
341568
2903
151613
731220
375056
100506465
130617
130916
54472
8808
440584
389634
4293
27128
57705
130752
541468
79686
7259
23162
7301
199974
51434
309
9796
51310
285972
29926
51172
27148
4358
10486
401994
65125
64283
124221
200931
10863
260293
130749
10686
55153
342667
11027
3293
4974
22876
494513
155051
29954
84215
24139
5467
6843
2622
23031
27069
346653
9054
5993
8291
440434
9746
51669
4952
89801
9771
51206
3394
22993
84618
220729
54677
5949
79442
629
5315
100131193
774
84961
6687
8418
51127
51606
9217
22883
23408
120892
149478
1778
65010
653316
151056
374860
144577
4144
51619
10279
55328
100113403
391195
5116
3122
100033450
116369
3073
644596
7462
54566
51148
154442
8567
203102
5129
55422
419
23015
79092
84856
124411
50636
818
3112
100132077
29761
343263
5590
10232
4703
118924
203197
147138
3745
124454
9912
57198
27122
8518
1794
199223
53829
96610
9758
63910
100287922
9369
151449
347732
29114
5924
23167
445
128486
64168
5214
10677
51433
2213
348840
1564
7165
65018
201617
91050
36
154386
80162
55876
1123
286256
3163
10150
387890
7704
345193
83849
8729
11113
28966
6323
10333
1173
100128890
488
84440
79639
100506544
7011
368
65123
55657
23065
57476
161725
440040
2891
57467
338817
388325
50488
10019
23533
7288
100506882
27352
285368
10211
5746
25961
160760
54514
100506826
2892
23355
100131320
64400
51807
84182
645832
56853
387601
220594
100506365
54518
7163
10580
4074
400867
10159
84895
29841
9695
100127983
1768
161497
115557
25769
55260
85358
27327
125336
57576
51393
59339
10637
9391
1025
84129
3752
23312
374819
8495
9406
55030
79365
79810
79970
22866
92822
401251
4209
2649
51046
26127
23108
114803
6389
164592
146330
3423
5053
440275
729873
10087
64149
157739
5066
64689
1408
93953
100874173
8863
642636
204219
100289509
57142
149483
79740
80227
9924
200407
64241
55530
55041
64210
9475
84106
1186
5893
55054
30001
287
79726
151393
4985
90527
7941
283629
10811
55359
51312
386724
2696
388558
3123
11122
203859
246119
56904
84217
170371
8864
55177
22865
10369
84987
8685
7102
3120
3300
54777
4486
693216
9228
84077
145757
81894
22908
56271
192668
747
83593
388799
84679
80350
100128770
642778
22898
9568
122553
57602
11035
79443
6586
57143
3736
284080
8365
23207
56311
283547
140876
80332
92291
326
91949
5283
50619
9847
92335
4129
169436
22950
84173
26118
284047
145957
25924
388015
391267
10346
7813
64333
30849
2561
3914
9812
79157
79661
404037
440356
26872
283726
51011
57214
201294
6535
57452
51626
8832
81793
9823
4973
127495
2847
8786
121268
410
121793
84561
54434
29925
114822
1604
9808
29906
374383
2948
55346
27085
126626
23349
56171
5031
10507
11346
653160
55107
91869
2908
51725
490
10753
84944
51380
8288
6529
3783
3749
51429
6440
26038
3887
644019
57491
7125
23057
65009
653129
55612
84630
523
3699
339344
145567
83758
56260
1213
534
4097
3995
23247
51554
3351
10514
595135
5768
54885
400
23033
333929
317719
4897
9489
25979
57578
9725
407026
7068
5791
1549
8608
11159
9424
57282
10903
11245
284001
7504
64478
57613
54849
389197
8473
100128531
57475
10361
100506368
79955
91703
56255
57659
7706
55827
53344
60558
3716
226
100188949
50649
801
79962
55503
2330
392196
254170
10748
2572
54843
27248
414778
10147
6855
22853
9256
6314
8814
90288
85015
85445
64101
9988
139728
1649
2037
752014
55799
2124
57488
4261
5151
2983
114609
3788
154313
55847
5858
2554
5581
9905
3633
23117
139735
4591
7273
57338
254359
653252
57728
92399
100507646
10569
3141
26246
6447
646074
30816
56479
727956
730094
161176
81
27202
645432
10911
285126
3792
29965
11006
1016
56243
283358
56981
253868
32
27199
79930
79993
146177
26235
9915
23463
6339
3128
54462
5188
7010
923
100129196
8034
64064
100874107
8856
956
55605
100287428
338657
137902
7297
140775
285908
100507018
25821
25758
56302
392309
253582
2822
196446
6456
9882
9476
644168
100873935
2157
346157
11153
339390
57658
285780
55733
84911
53358
83697
11262
284615
64926
5097
9942
972
389072
388649
55037
440345
9487
135927
23552
55779
345778
146057
55924
53917
105
25861
7292
345275
100132987
6642
51175
151477
3274
54557
123207
10939
131669
340508
51440
6865
285231
7957
26034
7275
4867
5310
7478
146754
6574
23136
79893
400761
6324
2998
23352
154
255631
9001
400512
26751
407004
8404
729096
9557
163882
5218
387775
128553
55356
79026
200132
695
285154
343990
440482
284131
2160
342132
4287
55973
782
5747
150379
255043
84066
83605
5799
