25974
55252
5130
115752
3685
23196
56894
146691
24139
55177
23176
57185
11153
22909
55258
55852
253039
4306
26092
29920
23120
23061
2263
79365
23052
79834
4217
100507283
4077
7084
8605
8850
1739
10529
51704
23127
5813
118924
64412
4646
8754
6507
644873
84466
50808
3766
51128
831
50488
5611
90121
55163
55604
79745
8671
642946
25829
23387
388574
492311
6529
2195
23111
85315
394
3572
196740
388677
6535
9053
51752
54884
285282
11228
9848
23527
79956
60313
51741
84864
4065
161725
28316
140885
57514
8544
4122
79611
4967
64506
79839
9625
81
6041
2760
8910
3821
5236
23242
54898
9101
2330
374868
4289
152098
57189
123283
348751
658
116236
10840
84333
2908
342371
200576
79627
79784
7099
56131
27333
4891
6867
116984
84750
9086
9813
63971
11066
84239
23051
124540
138151
2752
10928
6821
222223
23189
3628
414149
1416
8082
5869
54893
79038
54832
442319
8777
444
26585
3419
9927
57003
23064
2235
477
9897
3652
7915
2005
1374
57169
9895
4780
4552
286411
57488
5495
5509
55748
147179
64397
100507401
57834
6814
5465
9903
10526
54970
2055
84572
284434
8821
5781
3709
55614
9147
84698
23208
55293
10150
80243
100507367
257177
2531
7030
8476
4520
257396
4782
10284
80830
23205
9525
3433
310
599
23328
55788
23307
51666
284697
57020
259232
205
4329
8653
80207
667
158135
2741
286451
6404
353116
80127
83752
258010
23078
166348
399979
144577
79905
113675
4038
29119
9169
4129
339983
130132
1573
583
9717
23195
54899
51110
3977
9283
8546
79618
23376
55014
7095
53342
8871
56957
400916
8367
2705
91452
79932
51347
5051
374986
92521
90141
112399
1371
9588
201266
25840
5241
65983
3660
23258
9687
57720
84735
129685
389337
10580
85320
100287225
1200
9745
84888
162514
9321
254428
57509
5860
8500
340252
10826
1191
25778
9694
404201
6774
8611
55652
50859
6558
4045
202333
7508
9825
3140
6653
4012
10390
6711
11234
120
23011
23315
8630
84909
81575
162394
100131897
58504
7813
2565
64398
80005
157680
1318
117531
10617
388558
558
51429
84193
56987
154091
23235
146223
10188
285527
8675
50
83876
5157
1030
10461
1182
10241
11076
51635
7082
10351
5654
8632
84418
23250
5305
9843
57580
10732
161582
5270
64798
57659
55366
4351
79993
3916
8742
54680
152404
2037
7404
1073
10768
1837
5027
5578
84081
20
5337
91775
3895
100505636
122773
23325
127255
65125
2824
5208
23114
100049716
284111
285362
23305
23558
83737
25771
4299
8934
23075
137872
221294
54953
51313
3240
85012
146556
27351
23336
27109
28513
25793
5073
22875
123606
203190
9444
84631
29994
54878
51341
9414
6642
2628
100507524
9771
55733
221477
113791
80227
5046
96459
9802
9640
55062
54737
2117
57462
64114
23001
730130
6311
23303
338427
1657
152926
2804
378805
23155
5101
148
55314
100130197
202151
873
5705
4594
114793
8398
9043
53637
6891
54765
57537
100271702
55063
1410
339745
57458
497258
159195
1793
407977
84133
55349
1368
55331
4286
22829
160335
54933
7058
3696
11145
4154
23345
118663
175
117248
3920
4638
2729
25923
2346
100506826
641364
84968
81790
50717
85445
127253
201931
4779
4853
1514
8284
443
11342
91754
4302
100132707
113612
7018
3306
57221
54629
1465
8660
3295
6444
18
257364
10217
89782
9779
7049
114548
28970
6697
4864
55095
4921
55619
131870
54552
9728
246777
130888
23239
7274
10936
100131060
7109
130535
11240
8495
9936
9731
163223
51809
348938
8555
84061
267
10418
200014
10333
285195
4915
728747
23338
8411
143884
5272
153222
6342
57447
4261
7544
118987
158471
5286
6542
57471
987
6261
57477
4935
2894
5376
170371
2262
114112
1629
56650
11336
125150
9961
100133286
26137
5822
9400
9420
8809
10420
154796
51020
79443
151556
2803
64122
9071
220296
23308
5794
100130887
84925
11160
9670
79901
610
9517
100775104
6238
118611
896
100289580
25769
10110
3759
79885
128218
25780
5334
957
4548
54103
342035
55861
7368
158747
11155
55313
5467
5588
79640
3059
84938
825
7456
84307
60370
11141
53834
8490
5142
3988
57609
54532
55187
84376
220965
6506
1755
347
54456
100128675
94134
23657
79991
1593
23041
28984
8613
1997
23357
8736
11138
50862
6196
7402
7292
6579
5876
22874
4974
4642
54842
23233
5476
11193
56922
686
148534
5791
5596
760
645996
26232
10507
255394
117145
8139
55722
84952
200895
161176
2861
23304
5154
23382
117177
25972
57475
94015
6272
51119
6693
5747
80303
1962
6801
59342
26030
9557
23446
7227
5375
6314
219736
622
4693
57467
51575
311
6565
25963
91369
120892
254827
64756
728431
11328
55902
5091
64399
7376
108
26275
3570
83875
5653
159090
29965
7706
79671
2160
5151
5787
6900
51115
282973
57584
728875
100134015
5638
51573
2247
6319
27131
51228
55466
8553
1828
3111
23743
118442
6414
115825
9780
144568
29886
4534
7094
144811
338963
27296
210
5784
54443
1346
54800
23048
79789
594
55323
50618
5906
285440
100129792
84181
22852
221458
80017
80150
5837
84532
143
150763
158405
4199
114987
6744
23148
3695
26084
219287
338328
4099
140735
134218
5354
5168
26287
54954
4793
23678
219293
53373
57594
55356
79602
8939
219902
1992
3113
255488
55588
9367
100506384
53353
79635
55612
84641
8416
79628
84457
307
145757
91768
1522
7869
1145
4036
10314
285268
729234
89932
222236
115584
133121
55793
8773
81894
9510
10404
55286
841
55037
9669
151477
2017
23632
26051
387590
9507
8741
11107
29760
2581
64116
34
100506258
482
283547
3077
285800
23433
5621
2065
4303
375743
274
83473
253827
158399
115209
79152
222698
641654
25861
4296
2549
221143
246126
55281
1234
83648
2747
55841
2246
25966
83733
3684
80301
29763
2034
1267
440138
202018
11046
361
6242
2934
6830
11162
28955
3232
134
5166
84720
9857
93621
5522
745
2734
8287
401548
60484
441549
100506746
439921
22837
29899
64965
501
79899
7942
140803
25943
83700
729920
1785
10908
9863
143903
84690
286190
84188
36
976
51043
57165
58494
90627
399687
286336
6717
9725
117283
138639
4660
60481
100505555
142891
10558
48
57143
51665
4340
10495
26027
284612
100506881
80012
9341
16
64788
8612
28996
118426
253832
2706
4627
339855
9209
6647
54867
4651
4163
51056
2560
55753
92291
100129518
399665
3991
100507140
55333
285668
54518
2811
64061
51090
200931
84939
1519
63895
339804
4942
645121
11112
6817
64077
824
1583
1723
9612
57644
113451
9630
10388
64759
3707
5271
952
282809
93377
283755
116064
5660
342346
653739
821
126626
4603
5283
92293
655
122622
80824
6810
197257
116843
64802
79026
22989
56776
3822
100507086
239
51252
10611
26032
5037
4092
100147773
114796
58473
222166
6696
221035
57571
8309
22802
3290
4026
283130
4128
4118
30849
5730
134549
8909
94121
83854
283999
55840
23555
152206
5311
10804
5414
55650
84504
54877
4821
10614
123016
29958
54776
1486
4070
64400
2052
115019
219699
55112
94274
85379
115
8826
64834
4166
840
160897
51076
5010
6575
11031
391
10085
547
2123
7587
135228
400841
64332
32
85442
5281
10767
972
148741
140707
79739
57674
387486
6440
1783
23112
84217
7844
100506658
25938
64393
6663
9639
10196
217
389161
51528
6389
54149
6383
27130
147968
100506526
54865
11325
285889
2948
10810
388403
28232
9087
10725
729013
51092
57121
5352
3908
23181
58480
4528
7462
256356
1676
51768
6623
148022
261729
400746
399694
3300
4124
124152
7466
2321
4647
53828
84281
54453
55754
54458
11059
57530
84260
151651
9644
10553
1902
8566
7096
2124
100288428
375287
8549
8404
219654
548644
9915
9404
4719
53919
1363
6035
50940
10395
4643
56172
8291
286333
166929
30816
1901
79104
100506637
51084
5896
9516
25891
6256
145482
8644
221061
100506495
7586
5507
84886
730102
25940
3122
29922
85449
4815
563
100505716
112574
253559
23212
23164
653333
83941
8424
51144
56262
7957
10753
23621
3032
286148
3669
83464
6760
7098
57493
23500
221395
346171
6892
3990
100505881
10618
10783
22879
8528
116173
10693
23247
88455
6788
9220
23201
11226
10411
84978
7638
864
5243
3799
54558
6263
9473
203102
2180
64374
1604
1270
66004
79015
26227
9499
1238
79781
788
54820
347686
55246
26146
259230
3313
6539
54986
55719
55080
6734
2272
10668
79154
2979
718
1373
323
5396
100505616
57088
339926
145270
9104
27347
1649
9351
64699
23410
51660
1509
6776
9429
59351
157657
10060
11166
23017
415
6884
22927
283537
56302
255187
144321
148362
4054
8991
1956
80222
126393
10566
223
54741
23731
79962
25777
85476
9368
9276
221400
22882
285441
256227
8412
64764
9120
55914
3454
55589
9695
55274
7060
79735
57091
51555
203328
6687
338773
80258
64843
51232
29802
8760
28999
2827
100130691
4735
100507500
128637
6907
6856
26058
256987
221545
5129
23179
9761
339005
154043
51227
928
91380
135932
162073
4130
3428
440026
4907
23492
84179
23566
1757
9748
91703
28966
100506725
100885778
84327
388182
7143
26112
56548
26018
100033431
3268
284486
150356
134145
257106
9635
9527
100289473
85001
55277
55230
4790
130271
89866
730091
84064
29956
98
135927
9772
9342
6049
1050
7039
25915
105
2315
23541
178
64577
1777
81844
54809
440574
10771
5625
7757
122664
80212
284297
9842
55213
2444
6450
5450
6093
388650
10157
115361
54762
7009
284348
390595
29968
401535
114792
2202
2519
5255
1436
9720
256472
116985
7454
2802
91948
574432
400961
2800
55819
10891
10043
23499
80833
6916
9586
3737
23576
84883
338428
11149
10335
79966
2053
163590
10083
5445
100529261
130752
10863
400566
11322
283629
347736
183
23232
10384
355
23034
100288181
140609
196951
2294
51507
8985
84987
85414
5028
9749
10165
9361
23786
161742
139231
6327
646576
121260
5973
81848
122618
9267
100499183
9173
92106
401152
8365
339789
347517
93643
80854
84910
55151
55260
84614
100506020
1718
3092
23190
9776
5981
55742
58526
5137
54206
734
3231
5412
23408
8556
100129196
100507242
100132677
6778
27175
1287
7010
10848
80031
1889
1230
9885
4892
143872
3778
150209
84106
308
55198
22836
9425
116362
729658
8434
286499
4824
50865
2152
23012
155185
195827
404734
118
9217
8763
54978
5833
1415
653519
5519
64854
171568
84514
2875
389033
22821
342865
55700
10215
23604
3655
54467
6655
8725
169792
23424
84991
8832
65018
6271
283232
8633
79683
3249
340371
8737
4337
7003
26020
27106
8100
9099
284119
170679
79811
79156
127733
554279
375775
2533
6549
3128
100862662
55601
85461
94097
11262
376497
100033442
64288
10483
57817
9801
3792
8548
5962
3554
83543
59343
400954
338094
192668
4601
167838
2631
3782
129880
100506882
124976
163175
23187
57478
256236
100874207
1116
3716
262
79686
1728
8996
2697
10491
84070
23215
9187
100287922
51268
1734
23091
79363
92154
3998
7145
3712
339512
162632
23420
375757
151254
10039
285203
64208
79955
9962
388697
116238
54742
81611
55337
84263
55853
57402
5209
272
3732
79823
9578
643382
64081
51
90113
144132
126669
26353
1185
2286
221074
7265
3344
114088
7458
54498
4772
22844
2267
6094
9765
116448
115362
91749
5365
23753
230
5795
84868
350383
54941
3945
407003
146050
283219
3107
81693
84692
933
339184
214
129881
57532
416
51673
3705
9424
171425
285267
23428
642696
285045
7779
11212
6293
10815
127933
6548
2395
56171
51550
23209
10247
84441
80183
57153
9514
126075
378938
4763
4336
503693
7940
51517
117289
10655
84674
29044
64850
989
2329
22936
11080
55182
84288
256364
692215
2159
8537
54625
23460
2110
127428
388115
6050
113402
30
50831
85004
1080
123688
55870
3594
6284
5516
26576
100506462
255104
10955
124411
50649
79109
26070
966
1540
5525
3953
152015
54961
388815
100631383
100130933
225
1806
219285
2530
80380
3141
158293
100506413
373509
9197
57217
79929
9790
55332
2555
91748
83692
8073
1376
10040
8165
3688
26138
114876
116931
84129
7301
84439
26130
57326
100129858
4862
153
10475
10749
84795
643008
51700
2066
10859
11170
2355
5364
55911
6285
2277
5339
55526
254050
9475
3693
4257
83604
56940
57713
220416
55315
11275
780851
57709
60343
5610
115286
113201
2332
55785
8801
5663
4731
9360
84445
2145
55510
10194
221938
246119
64135
9459
171024
55256
344387
10089
1521
10564
6640
10163
339059
23291
51706
64856
79589
7159
11135
152273
54996
8502
196527
2
10397
25801
163479
5788
727936
5698
9619
203259
23365
653129
10233
56848
8216
6988
50511
139322
4842
29954
63931
9751
9737
284802
158257
55856
1353
30817
3383
81618
1666
148811
54858
439990
2954
51513
23371
51125
125050
161779
285141
1314
23175
285103
4504
2475
3765
10231
57562
54868
79400
57506
100129213
27031
84159
1910
3174
