10174
51171
56731
163175
5872
5348
51043
79006
57447
8436
4782
1906
4792
28999
646962
30008
400931
84913
9669
147650
4793
5829
1052
23764
3484
150209
1191
10276
9351
9002
348
2286
23209
80019
378938
158511
64321
6029
5187
158376
57348
81628
2875
4833
85027
2828
221749
59271
58190
10848
1760
115677
25840
5552
2078
147912
4054
80221
85366
55340
134549
376497
677766
25946
7423
56901
641654
79784
5625
10715
388
100506649
10267
140706
51267
11067
388419
6094
25937
23580
51226
5730
4091
92840
9235
28984
9368
100874204
6525
124152
51751
29948
7205
2294
400511
1901
2013
7122
54436
2657
6640
57513
100463486
79778
6023
8742
116238
4855
54587
3566
4634
94097
6080
10634
55268
254295
3133
26093
5609
160622
7263
92305
9064
4791
4318
64129
64975
57716
1145
57326
3554
2219
113278
80833
79366
149345
5639
51705
2624
129807
122416
26027
1026
2687
149563
10791
8214
216
3669
220296
83982
8531
374872
7392
7538
1490
100134713
347862
1908
54852
10840
6517
8692
4059
639
7132
55544
389
4502
81622
100506233
286467
1471
64285
3107
28231
644538
284119
54345
146556
220064
5166
65110
8797
7832
79652
5322
9780
6909
684
147968
3397
652968
84875
100128262
8637
256364
283229
27106
9283
253982
3373
94
1489
4616
2077
29952
57404
5745
2678
54498
7975
780851
2905
53827
84879
127435
1051
29763
3384
4069
407977
55501
6494
2683
83871
5551
5269
90313
7942
7123
6720
2323
79090
57140
5445
54922
7075
3679
92154
140576
51599
80139
285440
6352
5971
220382
37
126626
1465
375704
81575
10411
79957
6237
8542
7133
8801
8862
8106
57524
648791
80194
1312
64174
56301
414149
375033
64115
64123
26020
2242
10392
7040
4296
8741
197257
155038
602
9415
404550
10544
4046
84818
3429
286256
4055
153328
92162
100316904
3002
83590
9314
84572
55679
285095
64114
147807
9274
4071
84701
5973
83543
64132
8837
10608
79630
2040
2022
148170
2217
10365
219654
64651
57572
2791
8530
128414
8416
255130
221938
9022
118924
954
2840
3166
2524
84275
29941
1992
8216
92340
3486
256949
84335
10654
84331
2752
7408
440503
3106
127687
100127888
5696
6468
5439
91107
9754
3490
23371
4034
3459
28971
1059
10485
84179
727897
3134
3636
83733
6280
58526
5272
135250
1796
55615
55092
83878
1622
10912
116448
3635
5837
148741
1464
51747
79155
2052
79742
4303
7704
10749
10095
8751
50509
10541
126208
6303
10362
100507436
79890
11117
5790
9047
284612
924
6279
51296
100130742
9961
22904
85360
84876
64221
11170
55194
6899
5364
100506746
6513
1831
57139
2615
55647
7923
85012
4726
4504
58191
54863
2268
249
64167
9021
170575
1628
197259
348093
6560
100506428
338328
10188
56920
51703
51181
230
51634
79933
207107
83874
2701
35
487
83596
2014
3913
5873
84282
9322
7867
100506054
4487
147685
3105
388115
79885
60681
92745
6948
4329
32
80150
4240
6238
4648
5480
3315
64344
201294
92999
26084
5819
100507633
4241
8698
5260
641372
8991
649
85441
3965
6540
80301
2859
126669
147798
84310
83716
116835
763
634
5764
56548
10804
79156
57124
113230
79792
53841
2034
10627
23541
138151
154
100506392
81
1632
126393
84532
11181
375686
221074
6539
183
3268
682
29800
1843
64855
874
6926
284451
217
843
10272
5443
79927
55277
85315
140738
9452
51365
64065
6911
4881
587
3665
401562
978
9249
90952
9424
10066
6892
8326
161198
338094
3601
10312
51329
3818
10578
63827
2215
1666
23016
142678
100272228
85302
152007
5349
4336
51115
6649
64856
53373
2018
6573
3678
10882
10591
2261
26232
161882
100652930
1777
114897
4772
59352
2920
441108
93129
25829
55273
55911
967
83987
50848
91607
11322
388135
5360
147111
2852
7056
1727
4818
3732
643965
1969
4888
100506492
1785
57506
9071
11030
441212
100506526
3430
4499
567
1003
375061
85474
3693
220323
26508
54344
339366
201232
64116
55256
65072
482
5331
54541
5239
9104
10998
1152
100506518
92421
11007
64759
100507475
3385
113178
6915
2152
4489
53637
133
100874251
57580
131583
1535
100128569
6283
29950
64386
26253
10555
440556
4588
9709
658
64077
8875
54538
100507463
8659
84627
1512
3809
4007
81618
79812
4494
558
8993
7005
100289650
158062
10298
51704
339983
11213
9547
79993
10220
80781
3338
196883
441869
85415
9563
100862662
11251
3955
4155
5698
477
4821
64236
1573
94274
55062
2824
977
653583
55684
6522
58504
79874
126075
4337
65983
115330
53342
7052
735301
346171
116444
1302
100505648
26112
55258
2919
90121
63940
284184
341
388564
283991
1374
199731
136
25976
3577
79843
126119
8537
59307
81926
142680
30812
55808
113177
219348
57664
55349
58473
4627
26261
55840
221143
58488
374387
23493
137872
30844
84304
1855
23034
11309
4000
4357
100874261
3766
8773
10589
5339
26099
7424
6764
284417
864
2324
254552
2328
10247
51564
81844
1475
407003
140686
5507
150596
654
147495
2262
1326
8671
3004
368
374920
100130894
163154
2053
64170
9153
349136
3383
597
11341
51293
148229
728577
29844
2289
168537
80830
4493
414235
400916
80162
54507
83475
26137
125875
858
83460
4681
2529
3727
389084
57801
57153
319085
10581
9051
152189
339122
54739
440584
5157
965
8519
125704
256158
9744
3597
8736
10609
3077
30846
1583
10263
10410
8717
6273
26227
64073
53834
2101
84504
8578
6464
9674
9843
27131
6284
9111
84279
51330
284111
79724
9934
196872
219293
79161
10865
7041
4846
126147
3659
1089
23657
643733
58515
11135
83648
91768
1889
23529
3707
9588
255488
1734
1368
57804
80022
54858
1902
642696
58476
162515
55301
1307
9040
5375
9469
55096
8807
89932
9138
27143
164668
92922
100131096
730098
90113
51225
100507091
374403
8630
85439
144571
50652
79783
284207
5414
85495
338817
10226
3958
26576
770
5441
4582
83937
3249
5654
27333
129303
100128788
112939
4935
3579
146542
286257
4776
6997
125050
100128750
83742
6446
8061
124602
83547
285800
333926
57381
51228
9667
8407
145482
162073
94240
6271
401563
57165
25891
57194
8572
5699
8625
9940
6556
6343
6810
374291
8909
100132406
9580
10755
22898
400673
7869
23559
3824
2949
84288
146894
554226
1071
215
3820
1522
56928
94103
2109
239
655
788
3613
90933
6507
100128927
79777
2760
575
79148
79180
149483
100499183
80975
2788
153579
2139
140564
54958
56848
5045
79444
11277
208
23205
54933
150356
6256
27111
113026
55286
80332
51268
8644
79802
2495
642475
22921
199699
595
123099
4026
6527
54795
64850
84727
23500
285955
414332
724033
203074
360200
6672
56957
58472
100131176
254102
6385
259173
91181
2633
84836
402573
4651
22933
91156
283335
84418
29082
200205
6320
501
140467
5338
6484
6776
2050
54776
2811
306
84439
5549
56963
26471
146857
114038
53615
9122
9261
728431
10974
7274
2118
339789
54998
115727
57462
65266
441282
1731
6817
92960
83855
116441
222962
9976
84941
143884
92579
81605
51252
1440
57085
404734
9088
548644
3949
26301
100128098
55311
84837
7466
83876
84264
2263
1294
27147
342
443
6274
148932
51655
400618
3418
85450
100505705
55063
441478
641371
6363
6319
129080
64761
100506144
79767
389333
57834
317749
9535
23218
100133985
8544
7980
2028
6452
84617
388574
837
55971
157556
2746
9260
93010
57105
283999
1997
200186
9247
91373
132228
6663
6886
285266
51733
28954
644186
8418
84914
89958
347475
9514
57104
26824
10516
5990
290
6017
4495
7078
7450
5345
91369
51205
80864
5731
54900
23753
10901
27090
729440
7850
4636
6890
257364
100302254
51435
113675
8153
100507392
441476
513
642946
8424
6275
4050
22977
100506713
554235
11197
2634
10215
116985
100131089
339834
4056
285908
84883
2639
2184
8322
3270
10266
27237
55332
348303
8651
51129
4151
2307
140823
1298
26018
553158
9625
5365
7169
5465
100463285
338440
65990
150946
55267
83650
1259
29968
2787
8515
5192
100507524
200315
27173
653361
79640
81603
196383
123904
84269
100507054
3399
84696
80149
1299
342346
2065
3661
84662
7517
1728
29803
84166
84225
100526772
762
255104
401944
117283
100130717
1267
3956
3569
2702
6520
100505771
55701
55652
4501
54923
254128
56898
9144
728489
116236
3770
26231
406884
54453
4854
90141
55908
255193
6285
141
10611
1593
153
11240
5366
80176
114984
2246
3916
2771
1521
84771
9001
28996
6442
1435
7439
8502
6834
80201
410
11129
2012
200010
79038
51222
84808
84952
94059
126668
113277
23187
50511
23604
25764
642394
693197
7107
5327
4118
6819
120376
5787
440574
8525
920
255877
8764
162494
115004
100287225
80004
10587
30833
521
60484
221416
6615
4694
389690
147965
83439
51150
100129213
692158
148413
79671
57010
129881
100506736
414919
7318
100506753
633
10993
23308
149478
283575
100134934
3003
730051
9123
399726
51176
85449
23475
3487
51332
23513
57412
100128071
9244
441457
275
23303
8992
388759
100873939
85409
112464
5739
6440
100463488
284086
64067
928
113179
195827
8601
692227
283238
140606
84081
6242
4343
162417
100271836
116159
59341
168507
10663
6224
9476
6856
1676
9256
5681
9289
3032
84445
10063
23569
338339
5159
122622
257106
4600
5010
54868
9159
85363
362
729359
23555
26030
5333
10398
23189
5939
375248
23464
11025
60343
5243
64319
84681
3991
5129
53919
25802
360132
677768
100130887
2653
4323
29903
26834
100313837
5255
11145
29937
79651
9789
1292
284013
3008
284325
55707
4148
729658
653160
8794
5091
10344
7145
10577
401105
474171
1
57158
125988
64342
7979
400236
1891
10163
2987
57217
115861
56996
339487
10449
100462977
387758
1441
573
151887
140876
6261
11035
51084
4099
8722
2247
50863
728294
7095
57537
128853
55766
6450
57228
1776
342977
10268
9755
85026
8877
84848
25959
10139
84674
222487
200316
100147773
975
10758
124446
2954
83451
9592
56262
25960
949
5920
30815
9612
643382
6506
283663
5555
947
10723
3773
116540
85456
80303
84865
126306
84263
3858
1396
442578
10750
2199
388581
84909
165140
2
4166
100507447
94015
57642
83786
677781
57514
124871
29109
9772
100506725
165257
53842
668
284654
5880
3993
81025
100128511
5995
201292
8985
9524
284365
474344
8809
50846
2303
2000
8099
9708
339059
79774
4542
26835
100131801
222643
29886
8574
284800
145820
124222
9437
9507
2696
56114
285141
120
286204
84061
85001
51341
54059
153684
6286
25759
8309
343069
148811
4825
8839
80097
401
23612
57409
727956
56953
51020
100
284312
80243
10475
57608
56108
2697
100505774
56104
728875
79412
729173
4907
113746
404201
57480
6603
120425
56112
112817
150763
26025
11018
2934
2867
93349
1192
7475
768217
285962
8641
10675
90332
6402
363
284099
342527
345930
391
10335
84106
205
79582
9413
51257
7349
56106
54894
56103
375759
7293
56113
23207
6239
1482
399715
57471
10461
2110
100463289
22901
3128
176
2826
79132
177
100506115
26275
84628
56110
4188
5376
387763
5228
100302183
79689
388199
2358
9429
284358
7094
114902
83552
1265
401152
4359
29842
728194
23328
3483
100133077
85407
10319
2681
2023
84988
56100
2877
5992
916
1041
4134
10230
51090
85014
80039
285441
10241
253827
56109
346653
124402
84239
6103
2204
79990
100126335
5359
7049
9053
79818
58529
338707
255512
140803
6575
1548
6512
80017
822
112495
572
403314
8433
4814
2512
118442
27033
3911
3090
5270
383
91582
100289580
116173
6035
155051
1953
84791
2819
4696
84619
168544
11147
55350
100874253
754
55806
4286
4838
8557
8701
387066
353514
3560
729970
83858
3700
100505795
115939
56099
29044
10062
253190
6913
11257
116254
3561
79363
440248
5919
6339
3655
11226
3823
64090
51368
170679
6650
4038
51450
10917
114990
100272147
79856
375775
91179
11046
800
7004
2327
10089
55974
3834
2999
4162
3082
3034
170463
401335
126326
2321
100874241
3779
973
10205
83986
9414
6876
153562
80024
4641
51673
9444
6084
85002
130355
55112
8673
124565
1586
54873
23495
138428
6415
57402
7012
117155
26517
389641
55861
2705
2037
7376
55856
80008
1572
6101
54762
114614
629
9936
79785
7076
7262
416
400961
1146
6086
84514
1411
100151683
4713
201176
134
632
100291105
6799
64215
388284
80177
4515
11328
100506301
98
6565
11066
84996
56097
5446
1815
22837
4669
2738
3001
91252
54621
79611
3300
51660
9341
1084
6788
27350
255783
22899
29920
51079
677828
64834
54964
5098
377007
55604
645432
115992
219699
729013
23620
148713
9324
578
389634
441459
643904
388677
29774
285501
29909
91662
6590
100147744
9630
3570
6366
10346
138255
100286925
51333
5004
374395
91304
6693
84069
55367
84034
100128374
3695
100874018
388407
202
166929
6867
10023
10316
728537
138716
8613
9173
10519
1160
389033
54108
100505616
81621
23704
27127
51537
255187
2647
3811
7477
30816
348487
57175
171022
389541
100287922
