3021
22916
7772
5496
6576
10951
27336
51054
3149
7515
57707
4691
124583
6624
100526737
84872
144233
5194
7024
30832
80774
22913
22932
10730
80095
5936
54442
3189
54926
55591
207
23028
8161
7541
7551
6908
3621
8665
56916
3187
91603
4236
345462
10949
9939
29889
9880
26121
11218
6598
9987
5704
55269
11011
1488
57472
114132
5708
22938
84948
51631
23636
114883
29896
400960
64595
9836
51163
117246
6731
7329
22894
22934
85364
10428
8653
91392
162963
79845
28981
9325
10236
2130
51320
55506
7013
5093
89970
8915
9943
3550
51244
55070
23598
57721
100128055
23560
64943
29893
27304
64430
256051
25888
129790
58490
25839
4082
80381
64359
10657
11338
10989
23272
56474
5531
84186
26097
27044
80345
55975
6605
55055
92181
22919
3190
23473
3066
84320
79171
10906
22803
23435
55758
6729
26528
163051
3191
55257
64925
5690
22978
6602
4670
9219
3182
317761
9453
6749
57223
220988
9925
10283
148156
5082
153830
1385
1655
9702
5977
389677
51667
7988
84294
8880
57050
9584
1660
57703
10274
112495
5576
58486
6418
11056
51260
148479
55776
3735
6950
55602
2521
84950
1627
79656
83695
283254
342926
9202
144097
29890
9869
10137
8563
29960
26065
571
25949
26985
27252
10963
79892
51035
139324
200765
9015
29843
55330
25853
9775
339324
693217
50804
79753
84717
159
6760
7568
197407
10155
84725
4218
84775
400720
414764
1503
7812
9767
85460
27097
55181
55958
4841
8467
55596
4931
441518
5226
51729
29927
65056
152518
8971
126069
51340
9889
51742
8761
7544
10042
283991
284406
9601
84823
10970
11094
57335
7150
9092
147694
55133
63935
84002
2176
7507
7429
2553
9440
84437
1876
85313
10946
2935
91661
51098
55818
147923
51441
84146
7693
7155
9753
6683
51691
124961
1654
54994
9373
25917
6837
6016
51177
4125
23468
7919
80306
10096
1665
4676
54700
23411
55135
55671
3181
53354
115509
8607
283106
51430
2146
7110
79142
51031
10009
11267
9534
10978
1788
55696
10452
84811
7307
80155
55234
7520
54799
3840
29035
10992
3184
55119
81875
197021
9589
22823
9128
9678
7733
7559
3068
83607
55100
91272
3188
9658
3658
57116
22948
8493
79691
4686
135295
57547
253639
374900
2149
1642
65251
6477
55210
23063
7705
11196
399664
221504
8667
388969
8559
57332
55578
382
9329
7748
89891
7771
55005
93474
1656
51009
10238
3150
166815
7322
60685
85403
29117
10285
80304
55122
1479
170506
9782
60686
10240
55342
2783
22900
51029
58491
2961
8241
84295
7596
2960
30836
5894
9416
55728
8683
90321
26502
23283
55720
56288
115560
494115
22944
5695
23141
9126
23262
3091
64326
3192
55627
10762
2941
9555
84946
90861
55787
988
26286
7768
10049
5717
65082
1736
51283
84458
2547
8394
23608
53635
11198
5757
8886
11335
91746
51593
10072
4904
905
221443
2189
5928
6429
2773
143684
6018
6938
55279
8872
54465
100499177
23625
9646
26986
5636
92344
51021
3485
6944
57599
6434
5709
5257
199692
84991
55660
26574
83732
7695
54908
9100
23451
7404
10694
165324
10971
1161
93973
10459
6897
5885
55781
54623
80010
3842
54407
55920
80895
899
1979
9967
23517
9255
25962
100128191
6670
2957
93
56647
6396
133619
1856
27436
83700
1616
96764
283518
328
79796
84552
26984
11270
7761
285349
4247
118424
8450
26099
23234
27309
60625
100287015
3608
1975
284306
9360
84271
10298
10988
128061
3609
642
51605
65244
81493
9774
57677
10206
57418
286527
55325
54439
80230
64750
387032
55308
4170
7561
5832
7639
4086
3308
158866
10541
64110
1315
79684
60526
7770
6941
7327
11051
3996
57695
27338
55379
50485
84232
8780
2035
5859
10153
84617
10534
6626
5810
24145
90338
9541
54471
151195
81037
79701
6619
25998
79184
5094
9650
643749
4899
221785
8939
84787
25904
11269
6636
64219
23347
7716
6879
55167
65005
7351
8028
9933
51497
90379
29966
3298
57727
10795
23279
80817
54887
22826
10055
5460
25926
64781
5927
25800
79441
22929
6599
3703
55677
9337
9985
113174
3178
84838
91283
3837
23484
92906
10168
9276
4898
58492
10664
2618
22856
11180
60509
26009
79862
79648
10827
80178
284307
23481
24147
222194
285267
8226
414245
51192
55031
7251
6883
56681
159013
55291
6873
10535
166647
65980
56160
79009
51530
10492
3727
3301
91734
64172
5036
9989
50507
116092
10199
8666
285521
7539
23310
7752
3978
6432
79002
23036
79084
1938
91664
7407
90233
64746
8554
10528
25796
10945
581
9125
100127974
10912
259307
8562
84318
55028
3838
139818
1407
6877
140890
65999
170685
23590
5150
84902
254394
8192
10640
196513
11168
71
51634
27316
56903
8405
8772
23660
51686
6426
6051
5597
10772
79731
29980
163081
29914
8805
55339
64858
5987
6632
7773
23193
1968
126375
51108
904
3622
57826
94134
4076
22818
22984
11013
10054
23076
10910
122809
84206
55734
5585
65986
129831
6185
7978
163859
84733
126017
26205
10445
22847
56061
6929
8452
93594
27330
9689
6634
10605
6993
92667
147007
23160
6888
342538
7184
51720
7528
339287
51406
5277
4150
10189
9188
6421
26175
25896
8663
6192
11091
57097
1789
1054
11100
7112
79882
55216
83931
102
7023
8315
1457
7514
134359
2733
7572
10885
10464
5356
7171
29957
26135
3276
8545
54454
9240
83541
1105
3930
4752
122011
440093
93627
90317
374955
2665
6940
10081
10210
11201
10914
8899
22994
7936
5393
79807
1398
7027
100101467
51182
23133
79631
83640
9761
23564
5062
9261
1138
28982
57691
4437
55573
399881
6996
10600
55775
54952
55105
22862
79677
55103
203068
6629
4001
54892
10714
10229
11052
1994
100507217
4953
57570
27346
5425
55646
6732
1912
57621
1271
1024
9657
6652
56941
11062
83743
6240
6787
2483
11137
163050
10212
284309
8317
24148
10713
10001
3417
723972
8914
7203
7913
10916
129401
113763
3835
1478
55906
3159
9550
100506243
8661
580
65062
5902
64779
4957
10574
63915
7556
6427
284702
124045
162655
7699
10652
8243
8479
200844
57561
124944
7073
8086
6935
4436
55632
23244
79169
79050
55683
22794
1108
4750
57606
23029
284565
25871
5431
57343
7570
25850
3329
65993
134266
7576
55140
56259
8508
8930
10642
5780
9184
79829
7296
552889
54665
253943
55656
100533952
219854
388272
908
113540
541565
2551
23172
142
2064
152002
26168
9879
9824
8570
10672
64419
8662
10166
7337
7756
8568
4927
84930
84865
54619
283652
23165
56931
11321
8690
91875
26953
1973
27141
29997
200894
57038
23528
414919
1998
26122
705
4089
6868
79692
54974
56652
329
8776
55796
112869
6510
400713
9972
83480
55723
26472
285237
55629
5984
10940
6102
8087
162967
9833
51324
54556
115106
56616
6158
8379
1477
94241
3028
5557
51512
51692
7083
8833
348235
23197
27433
55165
114885
6631
55706
25855
1104
54834
1058
30851
100129543
86
3185
92675
2990
10197
84140
29104
132320
1456
10623
5707
54934
29901
661
4751
3005
283248
64844
84790
1810
9798
54883
4678
8904
28969
5501
128854
80185
9733
10613
11171
134430
56852
23603
440915
7431
374899
22850
29080
6885
201725
23557
22
2589
59274
90417
56124
10469
148266
56658
11004
26017
8125
11065
6713
81931
5520
57587
6150
22890
57631
55159
1047
140460
991
8463
23534
25788
10262
114825
79647
4615
55449
5887
84305
27238
55190
4173
1841
29777
5991
84924
79840
51058
10606
7019
115353
83608
7371
55213
10527
55552
51773
7298
2188
285643
1102
10403
84221
10200
7918
26156
54069
283337
9070
374928
85444
139886
151188
9447
993
57122
6173
28511
9562
253430
91975
84804
27291
2956
339175
7465
1022
84747
55832
11243
55813
91442
81606
53944
51493
157313
55937
7750
10763
663
7917
84085
4666
1434
113130
84324
9295
84515
7358
27030
100529240
58533
10813
147657
10844
55355
29095
79070
9425
10944
55709
7372
7673
79801
27241
51545
79598
23480
9787
8464
284695
1650
283742
55172
10112
4665
10513
9960
79872
10389
54108
6741
11124
112840
64708
79989
79269
1663
84274
55783
92799
55038
90268
400506
55147
80318
57827
63943
27297
9133
23683
55250
51251
55839
51645
54903
5216
54901
387640
100885864
10644
57669
53981
55622
54921
25813
64343
2058
8841
4893
9055
57187
7594
11266
55421
6675
29127
440193
2068
136647
8330
84078
51575
26036
55251
79871
2177
54888
3843
254065
54850
51143
11169
51203
54989
284338
51690
79685
10643
891
151246
79954
81550
8812
10733
93323
51602
6502
6241
147841
5347
93183
4668
339559
6205
221302
6882
90459
146956
7272
8338
10460
9277
201161
10208
4605
79031
84057
55143
3839
7589
221079
84131
9493
25980
51535
1781
6100
115795
3980
51222
25983
1452
57650
162681
51118
84243
154807
83932
9391
8969
84923
55320
9212
6124
332
80853
84236
90324
699
125893
55740
161424
3992
9045
257313
5529
2050
4848
55727
23137
11340
80173
64946
339318
63922
10556
221786
79818
26054
593
55770
3615
222658
26271
5888
64785
54936
3799
56128
5422
83540
26586
5279
221150
23354
6117
7678
90957
201255
84889
79657
64852
168374
55502
28970
79898
80153
5605
8443
9627
11116
57171
55388
4690
4116
10419
51111
219790
1937
57132
10856
7702
55571
2717
388567
6790
55764
7289
689
51386
440288
3014
144348
9724
80196
55111
1017
25932
5929
8357
57510
284257
374393
57805
440926
987
11014
57157
2923
286151
401565
751071
9491
121512
84516
166968
23071
3099
7784
5932
79004
55299
2241
163126
11017
51574
4440
8065
5584
10973
8148
165055
84328
24137
11130
6122
10592
7775
54962
51663
643836
2079
7531
22869
7046
125058
8819
63897
7153
51659
22974
3833
64766
221527
267004
81930
8793
10960
91750
995
57336
115416
11329
113251
10576
55278
51250
6815
5089
23649
10201
6671
63920
57821
8449
5433
54821
54470
51155
5982
131566
3070
79694
9232
7003
92342
79596
5962
5439
286826
150737
153443
55364
151903
55193
440957
151295
81554
701
26608
1653
126208
203069
2870
55635
60
1984
28977
7247
23450
65117
57215
79723
10224
79666
79912
152185
81552
55693
7311
54708
7072
2873
9422
9477
29107
9585
60528
5411
93343
100509484
9685
57405
80135
55145
55746
4783
1399
7564
9716
7374
134728
55035
64710
7700
283237
6628
8318
220963
8339
54819
54680
5511
51107
6594
8175
90780
116540
93134
9837
4602
100302183
2771
79165
8816
57819
100505641
52
11200
2072
4925
10473
3832
25886
55180
147912
5292
58155
64151
4176
55705
25929
81610
10097
8846
440034
8293
11232
55215
25776
10766
100506275
890
7873
84267
79646
7745
80218
79968
5635
144699
80264
4281
79934
92140
91574
7284
23397
23186
53371
54919
10926
4175
115426
29128
57673
5042
26255
7979
9443
5229
10286
10667
23512
80110
9156
92691
466
9918
60436
55676
5965
9330
5983
9319
51426
3161
50628
811
494514
51012
51514
9675
79866
84547
55726
9322
1027
25973
7584
5050
730101
10363
100506161
115273
84296
114799
285282
4478
132884
6472
100506211
399474
50810
6428
9183
100874028
11157
90594
5925
657
58516
7270
252983
8664
26258
51637
1996
5427
78995
195828
63892
10025
151648
342357
415116
221078
8345
4357
55500
4172
83990
10383
54535
151230
9014
55732
5424
23087
80071
83987
79913
54801
51193
158
2132
4171
23594
10130
196528
379025
1500
63979
255520
92597
91057
26155
245711
94239
7486
23589
9087
8732
54780
1894
8726
115992
283692
47
10919
91687
80321
9818
10741
283464
79809
54838
51018
5935
754
23198
150468
84273
10735
347273
84247
51496
116840
55872
25942
8444
26263
55520
100130855
57534
7398
81611
80232
122769
121441
94081
23190
115825
7525
10957
990
5612
672
8669
8438
5725
22827
3012
121457
63899
79042
11103
29894
11331
54816
389421
54758
83985
5034
84298
1982
157570
64425
116028
643155
10980
9861
10802
57226
10767
79172
197370
55243
285074
2969
8208
57147
90427
83461
142686
81789
9019
29105
26512
5898
403
6491
4692
8089
100507424
9470
889
1070
55247
53615
148213
10036
54927
285672
54874
28514
201134
7728
1978
3148
81620
84919
441024
64927
203245
5326
9410
7690
57175
6907
51465
84135
8451
3183
23200
7408
1719
1000
4174
1266
5931
10051
5688
6431
10293
91694
59343
10465
10179
8697
9831
4795
10782
3418
200895
4796
79019
374354
9328
116115
84928
60626
55743
90390
123920
9441
128077
339166
25820
3607
6294
55002
63826
2178
84240
51077
7633
151507
8446
55869
89958
266971
219970
1111
55905
54478
829
11104
9342
9790
10797
246175
64789
112479
26354
29089
113189
5238
137695
51460
81889
54969
26149
79665
9088
27440
339500
653820
50809
9320
51542
5933
92092
6230
55110
1829
347735
152815
