23196
55252
146691
643853
259232
285175
8506
23208
1981
55275
3778
374986
23035
2801
64409
158399
144195
57468
8455
164832
9737
83861
100885778
160897
55041
23161
139322
10129
56853
401190
57683
23335
9185
283455
6586
10564
10087
90411
84162
55187
9575
121456
1908
57709
25782
116931
3064
3981
1121
57463
22848
728411
9912
9746
23312
8034
16
23164
80003
4154
85465
6326
23732
776
54765
345778
11141
157680
79683
492
100128890
79644
4763
8867
100873941
51361
145567
5019
115827
56131
10905
80331
1639
5395
5621
22993
1657
57551
140707
9829
1182
23259
83752
8943
140735
130507
89782
9673
23341
7109
100129540
54788
5923
9890
9690
8239
3631
10125
8672
114088
401474
23633
84100
2805
23074
729911
23116
23025
6786
84679
23215
5601
9644
11040
54809
747
63891
9895
100506882
23230
10618
9344
22930
83873
9962
4012
1213
320
5787
9498
285172
2475
83544
84376
23362
9764
4719
84251
7143
57718
64112
100507547
9162
3267
6334
51429
135112
79065
23077
10982
83891
535
6519
2036
351
54878
5791
340554
4628
5071
57484
161725
775
55333
4905
7504
8263
146057
3765
84278
8604
488
4978
54462
100128590
284613
9777
25769
23125
22950
5795
148198
339263
23466
56850
283373
9145
9758
64940
284611
4779
2743
287
27020
161779
57659
219972
7402
5097
2902
100652846
4660
8729
78987
100506462
64420
23261
339855
26999
6711
10787
2794
26470
259282
9475
23017
5522
4644
143879
25771
7226
253559
205564
9371
9779
9927
255082
84934
6327
2560
345757
51754
3737
79944
1183
54682
5383
6515
81533
54877
2827
221477
374383
120526
5048
30835
9917
460
57614
5798
22990
133522
55625
4649
139735
8678
1362
148641
389197
25829
9331
253959
653857
79183
9778
124454
25789
10525
57589
152110
9900
55255
11076
2259
11057
8526
140885
9581
11215
2629
22866
51752
9382
153743
961
23185
6710
2804
23277
163882
5594
8924
57552
5165
3738
53344
9699
64854
400
387751
22874
342371
137868
192111
127262
4916
59343
57502
5611
56894
27445
64682
50618
63908
2561
5793
55814
816
4130
57488
9217
7030
96610
167465
442524
57731
55069
57532
29993
23348
528
9666
26146
81565
1272
57692
22926
50488
55245
144423
55722
5582
103
4836
10690
783
23270
10326
801
154807
1741
9578
284802
51377
100287765
26268
127254
56977
27098
9372
51440
7706
122402
22841
8567
55175
667
55617
143384
100131755
205717
100874212
5781
54332
259217
6614
4209
545
134957
11216
388662
7529
23305
114786
50651
6444
51284
9899
55633
9472
2734
285368
627
160518
22865
55346
81873
222865
8927
283638
6857
84918
92255
8050
7168
57169
10314
1759
23365
53353
11041
3454
23176
440021
64839
80014
2533
6792
55735
53
151556
22849
645974
221002
57446
1954
22941
9320
81570
5813
140862
79015
100873935
22979
6416
10444
5799
55466
6310
523
53339
57282
83660
84926
23229
645121
55039
23034
2107
1408
9147
79739
9728
10681
150726
8945
375748
23252
2775
64771
286205
116442
80028
114788
9663
26507
2235
673
8887
29123
22924
25974
3069
64645
100130776
79810
9369
9362
10159
63893
3786
6733
79751
1804
10614
23281
23621
1845
9066
1439
55228
116966
2583
50944
440435
22905
54842
140775
116986
6529
9751
64689
79982
115361
266722
65009
104
161357
23710
129684
6867
116984
23235
4248
5243
23428
23616
9215
2744
81034
10059
4976
57520
8760
317648
26267
644873
7905
140459
285220
23368
347731
84312
23345
10015
3556
6622
57613
219899
389072
6812
284521
85379
8925
6547
91869
10090
56776
5573
22852
9097
727851
5903
55966
26056
8476
55777
6734
9892
599
1742
246243
373
29982
90161
4074
55778
5045
2060
22986
2182
23317
57583
81848
100101267
1795
54681
9648
55664
219333
54557
22906
25831
114928
6262
55593
5814
54832
81621
55530
1536
10947
85358
51306
91663
1620
3131
8085
5155
1508
6049
23646
21
26580
55654
55102
22853
5581
387263
338651
408
728730
376267
781
8864
146223
55852
5170
8832
6376
23762
22883
57026
9223
55153
3831
7277
5590
57528
192683
56919
196463
91419
8411
55714
271
51393
23065
57185
9826
6543
22875
6197
55611
57542
2571
26235
692094
11272
9211
1740
3097
9194
55014
6855
10928
9910
56899
10955
752
55324
11127
79800
89801
23396
79608
100286925
309
4591
25830
84910
83854
51092
91380
84440
23167
254887
10531
2891
9063
200576
57624
2074
9583
2218
8869
100505555
7070
5291
112937
84517
8522
55074
64393
23112
644248
118987
26100
56134
83394
23201
51362
283461
5534
115196
7158
283578
400451
80146
6853
80207
728577
160418
774
81608
7453
291
7037
79041
6541
144577
8774
5297
3903
9867
5865
2257
114134
2904
9495
29953
3745
8502
100652759
55610
2983
84193
23096
84301
23338
8874
118426
11196
84102
143187
146433
1629
631
6248
4688
80025
23390
7732
25924
340481
55048
139231
54944
25758
481
808
2785
54769
9348
11138
10863
5788
388566
10859
2557
4097
340156
388558
4332
100129973
284615
26190
785
2555
26049
51307
144110
9703
22884
577
3763
9870
4185
5063
51560
3127
5067
7220
80267
100874032
347404
5768
162394
55972
125113
2117
2554
55754
339745
3785
4897
2802
3423
1240
80262
201475
84630
5156
57476
9099
199704
54414
388403
1173
54438
100505687
116369
51265
84333
150159
2119
9332
127933
58512
8808
9378
27161
83746
6595
30845
57148
221895
3052
51277
55870
63925
9827
51289
64084
9114
527
3800
84814
7273
92345
2900
100874243
59084
1006
26033
9854
5864
7776
142891
10079
155038
9201
10725
50840
9568
8541
541468
7224
131450
4293
57478
6653
57089
1520
284716
9353
25999
23177
84230
64397
3163
100873945
349152
9796
11212
547
79884
27039
727957
6854
406
1609
27330
23516
440138
283985
6875
643837
165215
8139
83849
26034
23367
122553
23162
51566
5641
9922
5966
9722
55030
166336
114791
26046
491
6844
84897
4674
93611
5160
22928
6508
11249
9659
257194
84656
50650
9732
51714
100128531
100287628
7259
4524
5101
7248
133308
64768
387597
27069
11024
27145
27010
9375
1540
57465
100129434
84302
157
10260
8803
57221
91752
10486
942
23504
57562
22878
64881
55212
23236
89910
23769
1534
55831
1780
9926
9677
5306
4205
2005
57496
23420
56243
130074
651746
83851
284439
18
753
22870
26278
10501
23285
64061
57569
3736
4685
2567
3123
3950
3684
2562
90134
622
40
55605
4704
2558
84083
206358
286075
126669
51141
57143
57194
3756
8831
64478
56938
11006
11154
642636
55207
51062
8120
29855
1778
84623
54726
22859
5988
23138
6400
90639
64744
55527
55666
2049
9863
3361
100130418
2903
124044
93185
221336
91137
2043
10808
114781
100128264
93164
2037
57605
79770
10565
813
5126
4360
478
955
57515
26060
8997
10939
390637
51195
84272
161742
1455
54776
146434
10800
25921
9530
221468
5532
940
8395
161
50619
92285
57410
120892
272
167555
340562
55827
3687
124411
27248
192668
84216
3635
4045
148808
22839
7425
7754
5604
687
5467
57531
80219
9611
7087
3376
79873
66008
537
8027
53838
8001
50813
3479
266812
27072
28512
8911
9456
51028
118427
1739
65018
54212
1737
9450
11320
7533
10900
340529
100506544
1959
2350
100288181
9515
148423
442117
87
23505
7857
127253
64499
64137
22999
131408
11093
51059
367
124359
8974
57713
92106
79586
126364
27128
4942
27351
11122
83696
8633
23127
151126
4216
83593
23392
253962
10040
55203
26032
57512
5783
441509
22837
339822
283392
64693
526
728215
390616
197342
377
23467
5579
7008
22881
5321
2915
114804
3689
23242
84871
51768
253143
4885
3419
5007
55800
23179
3788
246269
79699
55924
83737
55915
255488
1230
333929
2977
644596
51094
94081
503569
54360
8941
129049
1848
200407
50614
331
2897
66036
23122
3101
84557
1186
100132272
57608
54602
11188
84084
9609
53616
55907
1591
10290
490
96459
60559
408050
260293
5271
3717
57689
1960
2849
100286938
10097
10150
54749
324
59269
8499
11264
55061
100287314
51341
729920
440040
399473
5786
9825
5874
375057
5099
5223
4683
9228
221191
100302174
79143
25778
113026
5382
11346
283450
144108
26059
11309
23108
81537
117178
9256
25940
55844
4253
10396
84852
55322
10261
779
659
1952
221395
6643
2125
5744
375323
440934
51310
80856
80853
348980
1131
7102
842
23386
7798
226
55206
1794
23336
399746
2932
57596
65996
54545
54978
3680
9678
5602
79414
80124
80344
2908
100506365
5026
3274
29767
83692
2686
123016
36
23309
730094
160760
55361
8554
50649
9909
8195
9612
10990
654463
23349
5801
199870
735
54472
2588
611
4249
84912
10669
163933
2137
3251
50801
51550
5580
4065
57168
57213
23274
56926
399668
8372
57118
1871
56147
5524
114987
5536
112939
3382
4121
64805
55356
26289
114800
4437
10369
57103
283209
29906
2917
440275
476
27154
1310
90624
57091
56135
5971
56172
766
27175
9229
25819
84561
6642
6865
80705
6892
9693
288
8763
2162
7325
26128
165082
5128
401994
122953
222236
23080
84079
11072
22797
56143
8470
4924
114795
492311
253461
25851
53358
5588
10687
146
29761
343990
81491
29887
64506
55359
22824
171024
2359
51669
158135
158038
79657
8745
8775
3164
23461
493
5610
56142
1141
55161
7779
23092
5058
8622
11343
53829
29
56144
6545
117531
153364
4088
3595
9175
54805
54812
9771
200734
54566
4520
2857
84340
80023
79669
54205
55270
10299
54463
51761
78990
222223
107
10302
123041
23276
79844
6850
29979
22895
1821
55284
254170
3663
283624
285362
54715
51606
64131
1601
56924
80830
8650
51760
246330
219771
2
23057
9882
253039
441061
55197
253635
9479
10382
159090
7257
6751
129285
9148
441376
57555
8728
503542
51573
25878
2918
27032
100506057
55323
136319
9615
695
79837
8428
254531
9709
4190
815
100506540
11182
51067
494470
9108
10333
79834
49854
257177
1123
114299
56675
155066
11095
57414
9938
100506310
23582
54521
57460
58477
51559
338645
401036
5468
1010
221472
55607
91703
3777
66004
151531
27286
5567
147179
57706
9107
100128811
57403
5789
10111
56704
79932
56341
23221
50807
117289
8536
10184
283165
1519
79843
2550
140730
286097
576
8514
9752
56920
5578
4659
60684
1958
56889
8986
91775
2925
85406
7871
64897
7096
374378
54847
81579
55711
29985
91149
729296
50717
144165
254778
54798
51555
8490
56139
256472
10319
57181
113220
257240
57142
9743
400761
1955
399979
412
116443
90826
56141
79814
100130197
11033
78991
6498
696
8553
23237
339674
9990
4133
55317
80821
23031
10458
3706
6927
84892
56140
7532
1235
5568
60386
643923
256714
254359
56136
56981
339965
5138
148753
170575
51102
2214
113451
285313
9931
130612
81704
5341
56145
196
9604
5794
84188
9517
54518
91612
3071
79895
9420
399947
54742
9020
5924
5870
10479
388646
3119
9577
54480
23507
8926
284424
51808
345222
29070
56137
5110
79018
27071
1212
79147
3074
4943
57575
8754
84689
8079
1545
54852
214
3698
128637
7048
6916
6001
94240
54937
10505
23166
64800
56138
56146
6988
114876
339005
81832
9734
570
2926
83857
118738
26045
123775
100506736
84067
7301
55337
55109
5274
7305
4199
388650
440073
1139
285855
10368
414778
170960
5167
286184
1849
100302736
6000
23109
23233
22864
161394
54943
9901
27034
3597
6546
79719
64848
9695
389558
94056
142940
728591
7782
57338
548596
27133
6534
400120
6272
26038
79137
160
9379
1551
55118
100506835
23101
23051
29078
7007
23671
389840
8434
714
90990
199
134829
1040
9701
3559
10152
23387
23787
256586
146664
57030
3029
5818
1300
100507034
6404
728084
51621
100189589
51604
6712
5357
10019
10908
10313
10352
11261
348840
56171
283284
29760
79903
10776
273
6549
310
5178
8660
85457
3990
10999
139411
2120
54704
5187
26280
50484
11101
6861
7874
222659
2011
84708
65012
338773
9391
317649
65059
497258
123720
57705
221830
10114
9265
5162
2332
10894
347686
197131
121256
57630
729993
145581
10814
8999
3754
54585
64921
25849
1606
256394
23600
339479
83872
285605
23047
100506634
51311
1436
10718
9685
8724
8437
23154
151056
23786
346157
4287
5707
55803
23731
286042
131375
150465
10677
91608
1050
9069
57795
3760
2066
1128
100129662
130399
23271
57560
29801
23001
79627
83468
5871
144402
64327
23322
151354
10128
51454
128611
833
57568
140767
2892
5528
51411
57495
65268
7182
80228
5430
3093
3761
5208
5141
529
6524
734
3141
2566
400954
146923
154790
2965
55747
606495
5566
5122
9093
7172
253558
2893
6616
11193
23544
3606
149371
340706
778
54813
3176
221823
2207
56934
645700
56940
5817
238
23315
139425
1756
8013
100379661
148
51126
4355
2975
8615
782
152302
972
6754
388324
731220
27306
114049
57578
6553
83699
57210
