168400
121006
26261
284086
341405
118490
91252
197335
50856
5148
120935
10616
65057
3551
11126
53917
2529
574431
114823
140706
54540
6901
221481
6939
100506289
64577
150776
339451
84080
51629
1427
3665
100874042
375133
414197
80108
54963
100289678
79706
219699
11129
148898
196403
432
132228
118980
80179
79778
100506518
1120
83756
60672
55154
100188893
100507661
78994
146542
79101
2859
79823
85028
389690
8786
84771
4650
7050
10892
5244
6194
90410
9986
123096
6191
55841
100506660
83463
84798
201799
421
25989
10952
4849
6130
7114
91949
51409
5199
51259
441054
57060
200185
2356
387841
81894
29015
6128
84164
199746
221143
7181
91734
57494
9179
55692
55805
90231
124995
84971
222183
5739
51268
100128569
80263
28960
4736
208
1785
10362
80167
64855
378108
390790
56935
6156
51608
201292
126308
4666
646576
3177
5763
6165
6929
9814
84691
116159
83959
9048
29999
2273
29964
26802
55815
128853
6650
402415
100131454
79608
26799
26160
4149
284004
728888
144132
1635
4881
29855
23410
84260
84289
56623
6899
2787
6188
221496
55027
2570
146754
83734
64853
729092
63901
128497
6625
85451
100287015
100505540
123872
9284
8906
27131
257203
317781
83606
8439
51622
27033
4034
5340
8175
83886
390999
153770
155060
171546
130872
5225
2069
5681
308
100133985
440925
206412
54059
92591
84650
285834
57722
55701
9789
132158
4049
10194
83439
441191
23192
9013
54072
11159
10068
9704
9701
353174
85302
8045
153657
27031
130026
219986
64432
89845
643641
283989
84129
11209
146713
89941
388182
83942
80228
201158
4494
79571
160762
9289
7517
26751
3338
692202
2874
100507564
7200
246176
339666
5462
160287
374977
54858
204219
93974
3299
91977
401494
2251
1776
8233
91647
4359
23334
79630
729096
100507447
752014
973
389058
6233
100132707
22901
200035
5554
57038
10443
54888
339906
55015
441024
342538
84807
55062
150696
22994
100049716
4302
8881
8636
6809
2768
8531
284723
339541
27433
100887750
9138
26140
100652930
2004
90864
864
80724
55114
64714
94059
286753
55687
11017
166614
146880
83444
100129215
100125288
6207
56261
578
57666
23355
401232
402573
51281
114757
11158
22932
6229
7205
8557
5970
112483
79157
80346
283869
100507053
9311
1198
100306951
10766
10930
84705
341392
124056
8608
29945
10807
80332
5292
8890
26151
55621
3846
51222
158056
84148
6202
9374
6615
57835
79816
150291
2622
30827
9540
10402
91695
22897
8061
10156
677825
10023
11273
64773
124404
93643
65123
374819
6231
8778
4125
83955
120863
64403
653333
368
9095
79149
339829
147700
6560
8666
7553
80071
581
6204
54780
84432
55357
10336
27343
339977
27158
51379
64067
9757
284451
255426
7033
284106
25845
353514
51117
100874249
84501
284325
43847
83666
347918
9603
1506
29894
154791
128439
340602
2264
59335
79768
283987
79796
29956
824
57176
100507342
6016
221711
646074
1874
54429
90780
26007
441150
79802
93109
642946
2990
150684
338657
8438
441631
128338
64770
164395
55707
360132
100505676
84191
7700
728228
10867
6620
653786
27037
3912
26164
5831
146705
352954
5884
200916
100316904
91289
4665
55556
79075
1018
51380
23007
3146
83449
7484
90576
10620
163688
148741
100506274
5725
115817
7249
58505
400322
2017
339105
84282
113235
3960
6210
10608
285498
159091
347517
90060
285464
51005
27284
64421
115201
23559
6167
93661
2662
1622
100505678
26520
80184
79153
8996
1936
169026
6468
5873
23275
8794
84700
79990
54964
256471
338094
219537
7694
151651
115004
7335
730051
201965
4007
158787
64689
57179
55260
2896
8771
8263
8349
200172
63914
51115
6940
317662
37
728081
7186
8844
150082
51186
6397
2746
255043
374877
100130771
1769
6746
80742
388341
3425
692063
387
6448
57649
345275
54973
1609
5790
1379
8558
632
56474
124641
60489
3792
2906
23274
55225
100131997
3983
6051
5017
80298
200159
26147
91662
285908
79089
4152
92822
440345
751071
51233
374897
346653
9968
6331
90507
11020
100527964
4140
10919
10240
400512
55813
6230
10744
84991
343641
5872
339883
6621
285941
414765
130271
654254
89839
7692
55184
2882
256329
122509
125144
55916
10224
836
7525
9112
9543
8345
126129
1454
116983
100128731
10606
23026
746
363
977
387763
2067
124590
5721
84836
221908
754
129530
100133091
2175
8813
7059
27146
7126
83871
100533496
4778
51367
2010
134187
11130
132949
23590
4358
2580
340371
6199
221545
100885864
151887
114881
55596
23191
10162
26118
11097
7627
90850
53635
1297
90488
6143
57514
401563
405753
100507633
84617
23383
8106
388820
9271
1375
146059
10163
100272228
414260
643365
100874058
7352
57010
4323
255762
342908
375190
10379
54987
10913
55540
11094
1716
23216
375757
150372
201255
677838
727851
613211
55743
2826
26175
7295
100127947
347862
439934
2358
56996
9862
129303
340267
7703
51547
7268
246329
27185
84074
222662
8913
27148
340390
6386
64105
1031
9973
2013
9577
642484
8904
493860
125965
5364
6633
162968
64087
7327
387715
5366
5276
100506123
56829
201973
261734
100506433
8420
100506211
28968
79228
348094
84662
319085
9851
4621
151188
10301
55177
100506649
84444
8099
3712
84153
728233
10661
112752
64816
124460
55835
144568
100128071
84631
27147
51619
93343
204
29968
112869
79188
10328
8625
5555
8677
4221
6164
2012
85007
4521
283663
113026
51602
57461
8620
10044
26255
1153
149954
5829
4914
9696
8216
64901
1815
64761
140685
79930
389816
83642
11201
381
9557
253650
136853
1819
347688
6154
8651
10423
7353
401251
79169
51684
201798
23421
4439
4054
11132
4216
93653
348761
54621
128272
165140
285051
79042
9984
1271
8312
25
57149
148229
1192
6173
653316
1763
266917
94039
27005
53342
399821
151516
54455
79047
5345
4485
140876
57035
727866
26788
29889
123346
161247
59274
29911
152185
441951
54509
100302691
283870
84626
6134
3297
81550
83986
6277
55876
59341
10861
100049587
100507246
10401
200186
83746
548644
268
83882
177
6793
619373
1606
8334
388789
8547
7379
7083
57409
57130
57291
574036
8812
8242
6201
283970
1757
22846
24146
23030
10868
55063
57101
56927
55112
1495
100130449
7023
441869
80198
144097
84545
353497
55739
401399
648987
100316868
4188
114044
7730
6795
4582
11340
80178
283152
57820
51013
8330
550
10399
10084
340393
286436
2868
3004
832
642864
27352
8214
57567
6005
5992
83858
11337
8241
64599
4258
23478
100506753
54855
56965
646324
51303
7076
84812
124221
57493
51249
112
6234
55683
84190
25875
28976
1025
100631378
2027
54879
6882
9209
84964
487
79980
64427
7837
25992
30833
1591
8793
79001
50485
28511
65095
79858
390077
11000
6124
56269
50943
22929
29929
94015
375061
6205
7629
55891
10256
5310
22913
8352
9299
260294
284013
3135
8820
97
339834
100506643
6573
8313
9710
619207
6125
440081
22838
56882
54927
8675
55608
6171
55657
150383
55974
10948
57153
10924
79092
468
1775
7643
7166
26206
25981
8643
100506144
677809
60686
54541
129685
613037
26797
54496
57190
388165
10252
6228
5252
147011
114034
4123
9159
27040
375775
10057
155400
65108
91316
7041
84292
9812
4542
7454
55663
10113
54815
147744
5863
1789
23557
23117
9909
660
26472
163154
7169
2736
10609
100507602
9404
374654
6147
619189
55230
376497
84216
55209
255488
8940
80336
63940
54854
8292
56270
406884
29946
147912
11238
4879
6451
54660
51149
65220
6433
128346
85378
100506012
1460
27301
81794
26269
85013
79161
81605
54961
28971
641
5939
89781
130589
6015
58484
10874
81888
125476
7711
6902
23594
3416
127002
56917
9883
8815
100132406
9907
11329
84245
494513
7866
1564
57728
54939
7706
7025
11093
80174
348654
646600
55191
55094
8294
8603
145957
9144
158800
54872
23351
401
367
89886
3083
123355
49856
283446
653635
256815
60681
51398
2000
5089
100505591
7165
219743
362
653319
197358
55761
7157
55367
642475
81576
3978
6706
285331
9024
90379
10227
128209
7571
79867
206338
387522
84073
55601
132320
10011
57099
79970
256158
6122
5437
55068
222643
79087
29998
11243
23247
85363
220064
55971
22832
79710
8642
200316
55502
81532
64927
80835
27198
6821
84973
151658
146212
55661
728411
9146
222229
5514
57217
65010
56006
284001
255812
83596
1380
338323
58496
56942
51596
79730
55249
64118
3679
2735
5239
4179
65979
6626
284131
5387
23630
100287932
100128398
10212
127687
9400
162979
8637
6997
154141
90427
728404
100131755
79174
57088
23135
645811
388759
643832
1663
245812
134637
440
3007
6464
29882
55780
56647
85459
115209
474170
339345
153163
4901
56928
79935
54802
100130691
196374
517
9130
8509
27134
1939
6139
259
219402
1294
2793
80230
55929
285989
84066
7535
9261
26330
100507463
81669
56265
57452
100130015
639
200014
57674
387778
727956
256126
441009
6725
80004
57657
1500
26790
5343
57458
130557
130132
9298
387264
684959
55572
55769
6666
55316
221927
2054
84904
84225
51160
5428
8260
26205
642778
63874
677
9094
84166
677779
90007
6603
9349
84905
256355
1071
10901
147184
27429
432369
369
84108
64175
50507
90332
51634
100505616
90865
55257
100507217
306
79890
100289098
57696
2800
78991
124817
57577
391518
140576
6894
373863
6890
54942
8767
100190939
51072
26071
23113
283232
8575
1140
25865
6424
2588
51564
6687
6920
63941
442578
5238
168507
79654
54916
4478
55644
64215
9124
266675
6665
646892
2785
84766
169714
9720
689
387893
23062
4956
4157
54923
90933
100289274
1643
85026
373509
1145
93953
63925
641977
91010
3431
54625
100132247
9815
2628
80271
84657
79090
51065
6764
123920
79587
123283
4595
55437
80115
9315
162632
1856
79842
147872
5959
64221
5805
2897
84950
55152
114926
11186
26469
56948
2145
51239
55830
7512
124491
25930
222659
220115
374872
56898
401262
57053
4242
8029
51586
146279
51733
5335
8838
646508
254048
63922
6613
120224
283038
83707
3821
136242
84447
151649
6135
88455
65110
57610
54442
1261
100506215
22873
84619
8409
26993
9945
2173
27434
283685
9047
123722
55215
9884
65981
5256
389203
146225
93349
57794
80714
10595
23683
1854
25823
64582
27112
57104
79799
317749
57701
23005
5425
89894
100134361
29896
100499483
1677
285126
79447
100507091
2786
64943
637
26152
9200
5625
89978
23521
319
8985
10520
79667
84901
7469
124401
11066
645079
23094
27348
84859
7503
27074
283755
7263
3661
8086
56063
201232
1822
6911
6998
148709
51372
94025
100132731
56952
91433
157627
27319
6904
23430
4352
100128025
56731
126668
389692
81693
54867
51639
4828
23357
5986
7392
246181
375341
401541
375260
172
9667
64100
8529
5251
389641
5118
5467
116444
283927
159013
3588
9324
30850
5190
120227
393
7005
692158
11270
25895
55037
162387
199745
51332
164684
83786
51750
440270
9951
6175
81628
6152
1847
100190940
10077
3104
5498
201191
1196
80024
84337
144404
161497
170622
692212
54058
92715
340591
388886
875
343521
4047
146562
55113
6588
23403
79774
92335
79844
8484
140771
112849
29890
9045
29803
55208
201294
115677
348378
3911
10840
51074
51321
5329
84445
84268
440117
32
93663
200539
3263
5972
196410
192286
51326
10342
6302
29800
129138
81890
27151
23764
314
79668
91012
124930
100507118
54739
4682
84922
11044
84460
6161
9772
51300
338799
1241
79946
5016
10838
642280
2919
117166
79038
5152
157777
25832
51061
26770
8801
54948
126204
84787
10494
7171
54675
2958
9904
10180
1350
79034
284424
53630
6608
79091
643180
51267
220004
414918
3105
58538
64760
10850
1056
55577
4752
51351
92799
51175
677821
79019
114819
6606
101
155184
57798
440354
63924
28955
100287879
1956
994
7566
100129543
839
100506650
375484
4117
2171
440590
161823
53373
7297
79036
51545
29893
284403
26774
79973
158234
121214
9459
349160
120376
30
153478
89891
729614
9469
729440
6387
4867
56654
147968
10945
64900
582
3400
2316
64968
51593
81603
5639
5116
10748
79676
8667
4486
757
54852
7267
84680
80152
100506469
91754
79178
23140
145873
8501
275
6144
254173
11140
254042
100652994
64419
51316
222967
58510
148103
60494
28991
200958
10485
199223
100134938
246721
6166
140680
117144
388796
2784
163351
6311
50626
84283
11164
642799
60680
10400
64780
84942
29992
200010
4215
79866
654434
151613
80313
55301
55349
7089
93233
8131
123904
83694
23513
6217
100505648
58190
1356
51272
1523
7564
54849
200634
27000
100874204
64429
57597
9148
27315
338761
54795
3166
692088
6627
6170
1911
4092
4261
41
55082
10004
3710
64232
9806
185
25970
286151
55116
116255
154288
5167
22933
113178
79154
4798
6521
158521
10630
7274
8111
100134259
55689
140686
643338
5764
4194
283551
283652
1558
80745
85025
4833
1577
677837
29940
255877
4775
29954
55336
54853
84809
54922
5753
3818
7626
286006
284297
6235
100499177
5826
80741
280659
643749
6339
79155
729156
9260
221060
1797
400793
7580
6483
55282
26233
84218
100506765
2731
79684
644538
750
1632
2041
2591
10230
692227
60509
8569
55025
54482
100131176
284649
5439
440104
