148156
148103
7596
80264
284406
89970
147947
51111
54454
25853
57472
81566
80304
30832
7733
57677
2935
25800
114885
29843
57209
64864
79441
9202
23036
55917
55193
57343
51230
80335
10802
80095
90957
7752
1859
84503
26036
90233
10363
9943
57336
54799
1656
7155
7543
26039
6924
54874
24145
339324
7556
84450
7690
22869
92181
10949
140460
1398
256051
6873
85453
23347
9113
5062
22823
80314
10137
137886
79805
284309
149420
7772
162239
5926
54660
374900
4686
55591
6683
54934
9972
163049
9925
200765
10168
85460
23394
115509
7539
93134
91151
147923
57695
8880
6885
9315
91664
143684
100505678
27097
55709
10657
342357
79648
91782
65244
5529
83607
283518
170958
84206
64789
7637
7541
8899
158866
115560
163051
2149
65267
5810
25850
1407
22835
23528
2941
91975
55975
23076
147694
84146
55565
84924
28969
9738
79862
7552
124961
80110
27125
57117
8462
10906
57335
55958
23198
84328
7699
5987
54439
56124
9774
54974
53944
121274
1781
10206
51441
152002
83693
134430
7693
7697
9836
28511
65108
221786
140612
80155
22978
64895
11052
84132
64750
201626
54993
55216
9753
23262
10236
6477
9646
9678
7561
83641
374969
152687
55596
1660
79892
9818
11218
55342
10626
7520
51773
150864
55681
80205
1973
374879
6996
7589
100533952
55622
7707
3091
246175
3658
84172
83759
9188
5194
9440
54665
83448
8882
51155
283489
64326
55660
57223
3298
23411
27107
9969
22803
27042
26017
1998
57721
147949
1457
84775
168455
26984
22894
8161
139324
51018
9724
387104
9191
50809
10765
8480
5150
23443
148867
51742
26009
51164
10795
55031
1979
10238
7321
339500
2618
51617
23279
51324
199777
7559
65251
387032
4841
23534
7551
54926
26277
203068
54841
65260
63899
114825
26135
196528
9310
55181
54891
114799
54542
8394
6664
91893
1000
7565
3842
10274
148254
57510
1122
22850
55142
92370
9682
7581
10336
51430
8450
166785
23063
9019
55602
57182
8846
11021
23708
55659
64430
1641
10885
166793
100289635
79753
23598
57631
55326
22916
55696
84725
22919
8508
57498
2589
221656
27241
100861402
8491
4076
23543
7750
51710
171392
3836
10208
57587
10427
5290
83608
79656
5523
1385
23405
10520
8915
163081
84295
57541
3608
8805
2961
440515
345462
51193
54764
96764
64858
25917
151230
54468
79969
57621
10096
7748
1105
83695
25962
8445
8690
4247
5936
79871
54700
54816
6731
54848
84248
9841
25888
9015
3796
253782
25926
84516
5576
388695
1665
2072
10478
9729
5780
7582
57606
29967
55279
51054
7110
148266
56254
4927
51447
121512
6670
126375
2132
152518
5050
5226
147657
10121
151050
10643
5431
7019
92691
55770
80818
23451
10228
7337
7756
7753
93474
23028
9100
11269
57599
10492
54619
6815
84792
4863
25980
122809
11198
6877
64746
5636
7771
27030
10042
7576
84749
7812
10914
220992
4848
9831
6940
55791
1161
7745
56916
950
84186
151507
60560
440926
901
91392
59353
57533
2673
1456
114821
54807
51163
79728
55578
8816
150590
7403
6732
64860
51182
10970
27304
9852
23014
11094
51592
9587
256643
494115
11011
25820
401884
54442
10746
55180
376940
4345
64083
3735
7773
57337
23369
10951
1955
65243
51283
23244
10773
133619
5608
126069
164
7574
80153
5210
55729
5036
147007
51098
5927
27342
11279
8187
904
57707
54861
9933
8851
401588
54464
5469
23660
2957
6018
1654
80204
55964
91661
5082
91120
4140
84078
55003
57570
8658
56126
55832
8665
23473
84552
400720
1315
6671
8545
55167
9859
23160
2773
7251
71
81931
10664
54778
79631
648
57144
54851
9337
9110
4300
7549
9702
57547
168374
145483
5935
85440
84135
3475
9529
80232
8125
284443
84458
79084
79598
9821
58490
27436
9470
55761
10640
26286
84247
23272
90874
7982
26156
23512
51167
342926
54994
140461
83591
84547
7743
200933
221302
257218
55266
55251
7768
10285
2241
440138
23705
25814
84085
347252
4610
4893
9061
284370
79572
51460
653121
54808
23350
55609
10602
3417
55100
9958
7326
51244
25896
79872
11191
51132
905
7562
100130855
51755
29094
55196
58155
9960
80267
83480
255928
9788
729288
10672
1655
10210
51340
63826
89890
84549
192670
283106
7572
6780
84919
55005
58500
79731
55103
8573
79670
81606
55339
988
54834
54881
79029
29068
1809
221322
81688
728927
153733
54407
546
79646
55506
23099
6399
64924
9832
81539
55728
55219
641339
55236
91283
63979
11266
9880
114882
166968
643749
5599
23186
90317
57684
29035
219541
64844
4783
56133
388272
57157
29915
1138
57494
8732
8776
47
80185
10605
384
55727
4615
1024
51276
51585
10527
26985
90321
11128
57332
4750
79596
8417
57148
8607
57643
132299
26747
170082
221785
23071
25998
1434
80010
4133
83744
9219
25909
253639
7594
170506
55435
100526737
7789
51147
25879
83932
8609
6605
90594
150275
7072
23283
54505
340533
91801
10772
100129917
54627
347344
9730
29896
90362
22847
79845
8505
9453
4238
253943
100101467
163059
27316
91875
6738
4089
23608
100287765
79898
220988
9873
100506963
63894
79809
79891
5922
51496
10778
29890
285636
114132
2178
6897
55720
7564
9989
57703
84320
64418
538
6879
10128
552889
9128
58486
22858
339318
3066
9782
84920
9439
100506710
64425
23515
152006
91404
23603
54708
55892
55668
261726
55751
253512
7673
7569
403341
1915
50804
64769
55421
55671
56128
8577
7150
81796
9570
149371
5577
6418
8453
9991
4931
9135
170954
55776
9767
58497
84513
4325
54952
84365
22934
55632
6185
6602
56061
3621
115548
63926
55740
2073
6124
54904
57544
9044
51426
23271
23172
9125
7678
9698
57693
253260
91408
2556
84138
11276
56121
3183
222662
286410
92140
93973
84640
282890
51386
116068
115426
8731
400955
152137
65986
80306
51263
4193
6636
7571
2058
10818
6944
5894
7730
23592
55734
100130219
23560
79269
5134
55454
9330
388327
148213
79573
6419
7329
51077
9879
167691
9057
9306
2526
284338
8493
63892
10978
267002
134266
1054
51661
9716
64219
51105
9126
1400
57037
23168
7716
84306
347733
643836
353274
10556
3321
4953
84437
29929
7766
328
8723
112840
92400
29934
197407
8028
122011
27252
7770
79158
6198
10464
57711
6146
10560
6191
26354
57691
2842
10762
6908
56129
51320
132949
80196
26122
657
284307
140890
6832
120227
1386
2932
25852
7046
389677
51009
83732
8667
56903
9334
9584
100506453
7695
54823
51108
3843
81550
2188
80823
23080
6659
6526
5253
659
6184
29889
23047
7073
162963
5316
22828
7700
55704
1452
81846
84255
283652
5929
23173
83955
55762
26149
202052
22911
9589
23556
7296
5496
374928
54756
117608
51582
8761
10254
661
9329
80007
222484
1627
139285
10197
9562
2551
90592
24140
158586
8065
84273
11137
285600
57534
56658
55500
7570
55758
57673
5597
154743
79613
9889
26175
7978
10054
54901
388567
57171
6619
23008
54813
3839
5049
81573
197131
55623
26043
80742
54497
80018
199704
29766
54790
26108
53981
125170
51309
10890
8452
7216
28982
10389
9937
92283
65999
10473
1787
133746
60312
83541
83856
27065
83892
347273
56980
1982
26502
378
8726
9462
55888
8649
197320
159013
1454
51101
10988
79692
9618
92
93436
28977
6596
8019
953
54471
222194
55726
134553
8975
58491
23517
51427
254065
54886
23253
93594
144233
6128
8825
23019
253558
55156
90485
64925
9441
51021
54534
3190
51720
55183
60625
55269
55145
51465
162967
126017
91445
54838
339416
4613
7994
51104
84937
7803
55088
139599
23097
728558
11321
9373
1477
9443
10576
10299
10623
81543
22818
57645
219527
10962
3275
55186
9816
140831
54331
9343
8443
7174
54989
50512
57539
11051
11244
283876
203228
2967
26098
113251
55680
9422
56985
84449
10521
120103
388566
1478
4437
51534
55787
148206
29799
10001
100113407
56180
8301
221079
1525
57614
84128
9184
339559
4800
84455
5728
11014
55573
85464
23484
27249
5884
3840
223082
7267
257019
79882
27235
10179
3485
29927
29979
57179
7592
6400
25904
23774
4170
359948
23029
65080
55613
3609
196513
6993
1975
29883
145783
55190
9325
10730
114932
79796
55848
6714
84872
54957
10381
199692
84131
254225
60492
171023
908
163050
3841
55278
22862
55250
23589
122830
222696
91694
1788
25842
10971
95681
152756
162655
60561
79768
7702
85369
9255
84671
23032
10116
8540
26472
6092
57727
51444
8317
267004
5557
219537
6059
23636
26258
152559
382
26512
10408
7270
54455
10283
91
100302736
55906
56929
6782
92017
56946
9786
7644
7639
645455
84553
9869
166815
126070
9467
819
55703
3308
8202
84678
128710
284349
5965
84881
7429
3476
54839
3182
5550
56132
23332
51366
26054
7625
51455
54819
9870
57120
10927
153642
5356
80034
51122
6328
85364
55296
92935
10659
6945
4086
254394
10625
57700
57551
284306
2047
51351
283856
59345
7189
6950
55330
8886
9213
1650
4436
2121
55743
1968
23300
51691
8703
200894
80055
84527
283337
81545
23287
2733
55746
91746
79830
5613
280655
1994
10311
9798
2045
57415
123228
92595
1996
100507217
79780
7965
6432
57563
8036
157922
23450
636
10327
10597
90007
339287
5859
79684
7705
55759
132320
9871
11073
84620
2835
22880
2960
84311
27297
57216
51663
8193
100379224
79794
124944
5928
115353
10224
4149
53354
5757
387119
254251
3021
4684
3930
7728
79034
375748
92597
6426
7917
348235
3276
11335
81856
123879
55257
441518
90338
11232
26986
51304
342538
90459
50640
84955
79832
80143
3837
81875
3799
80124
222658
22887
54529
60682
689
163859
6598
83939
388228
203547
7633
286826
3187
285382
26953
10153
360023
100505696
1978
54521
25822
390980
6130
221504
5042
79184
388536
285550
5007
23625
112858
201725
84984
391712
57583
2976
23429
83548
23788
1677
9520
4904
9926
63915
9468
79591
705
10575
153129
56123
121665
27075
10020
3020
9320
407047
57579
10952
645323
93183
22920
23197
51143
10480
23137
85019
1937
79699
7712
64172
128854
169270
55716
6613
8405
10782
65056
57456
9649
55028
11231
60684
7566
84317
8715
84268
7579
6498
9819
11124
63934
26065
57097
93627
6746
51684
8833
90693
79570
79070
5770
4666
56900
147166
167227
102
201161
23426
64282
55756
207
9712
317
5144
55288
22872
6428
80856
728492
94241
2850
23107
607
100505624
23269
7846
7584
163131
30836
81493
28981
466
6903
541565
4356
253430
283194
30851
26260
129642
339327
57717
6599
9205
5877
29978
221914
50628
8128
25809
7443
6202
10399
23468
7182
157807
10009
23200
285672
85403
3927
55218
27079
63897
54921
58493
51602
154810
135295
1630
55634
23568
2098
1072
284323
11183
9246
128061
329
5087
5546
84267
1432
84541
22878
5562
91833
400960
835
340485
10735
79896
8031
1716
84622
92014
153339
23002
3646
84226
8315
751071
81562
115106
2956
26053
3185
23039
285755
55781
9967
23326
79675
2044
284023
53335
8527
1938
2176
79948
10477
10916
54537
160518
23406
4200
64841
93380
80315
84056
113510
8668
53371
93654
79944
4087
66036
343702
9987
60468
51637
55745
11165
3093
84838
55117
55055
90736
10513
402665
151987
5991
6654
146434
285753
23384
6624
27314
201595
90075
10371
126731
26003
80381
79840
170685
27292
8243
7738
2035
54539
440957
53918
84140
4850
26168
6134
54927
161823
26046
65055
54801
253635
59348
55773
56983
80308
9534
79633
9276
23085
9868
2959
1479
728130
55521
1355
51360
100873945
54883
10155
9685
2844
6167
22954
8772
112487
8533
8454
22984
2782
115416
9045
4040
79074
23165
92806
25942
9689
64783
55715
79072
84804
9240
10714
84928
22834
23122
6228
9950
9939
9497
60526
23210
22868
10172
51256
150353
64968
23506
374899
401207
580
24138
121642
29957
151295
348327
84916
8220
7371
7691
23329
8554
54465
4736
10691
23519
6125
132789
605
25831
64708
11222
145282
219844
57611
50810
79677
55299
80311
151473
51729
9920
79876
22982
55105
10010
9908
643155
6047
51082
3189
55379
10540
1743
85406
8897
144245
90649
51121
51249
29107
8861
1678
550112
51107
51548
5612
9652
10940
92906
91526
256435
5108
54812
57116
64328
29083
81789
80351
868
57154
100506866
100506705
440078
55120
22944
151195
10499
159
10412
55706
79912
5717
55039
9860
22856
7322
10534
2483
10946
5501
55068
6749
9295
202658
51399
9410
6152
5934
23327
2218
404672
79863
51526
285598
90806
79813
23219
1462
23379
23318
60496
9631
155382
221527
414245
26097
8895
51029
7988
3615
9567
7328
92610
132946
124637
8836
126792
64121
23301
64207
54734
51611
9392
158431
58533
56652
2054
6048
221078
1810
56681
91947
128
100287015
3038
55006
4676
5093
7711
55291
80312
51594
91272
54107
51530
10262
57146
79989
5832
79142
1600
117143
6443
78997
80746
5531
4869
84142
64216
100506679
4521
6223
7976
577
