3660
55177
84282
9368
376497
3693
10220
6285
6774
84572
58190
9557
148932
6261
220296
1573
84883
10614
23189
1837
9283
641654
80221
28999
10404
79890
37
4780
148741
2263
11153
92305
64759
26112
257364
6560
26020
23209
6907
57326
51043
4059
8737
8637
29763
9674
2678
5364
4641
79073
28316
9961
81628
6094
348
64114
51704
3133
51171
283298
5269
5348
8216
150209
6539
388
22905
10066
115330
2184
84335
10241
1465
10901
55092
9813
284612
10755
80019
83543
129807
138151
122953
80301
93129
127435
29954
9940
29920
4792
5476
55707
253827
3913
5360
7205
369
3727
4821
55332
140706
54868
80704
58191
54893
51599
5730
116448
8214
2053
221749
2286
80024
163175
7094
57514
3268
53373
482
1191
55349
100
840
9104
8751
84696
338094
8309
9812
25805
9111
57447
79671
26027
27147
84952
85315
147807
387758
25841
30846
285440
55020
440498
57153
30
5549
5465
5745
112817
84875
57462
63827
192668
146556
5596
112849
85415
84836
28971
1969
11170
5654
54884
7263
254295
728875
84837
342918
125704
254428
7376
113178
3032
126969
8773
8677
221143
6764
57580
57381
53834
219654
79792
79885
3766
10253
91107
57348
84876
6997
25829
9708
7078
9780
8850
56114
8743
56108
60343
58526
441108
26025
8641
5098
56104
56112
56103
56106
5787
6575
634
7048
83648
94097
65992
56113
204
56110
4055
23212
79006
6640
54922
2268
153328
26227
54739
56109
56099
56100
11251
22977
51226
652968
84249
64342
284119
558
6614
1101
54453
285195
57140
4627
29952
190
28984
26099
23239
100507436
253982
4240
2760
79843
137872
5051
6672
7010
1593
216
6892
85360
84532
655
23704
140576
1901
2323
51268
2701
55568
3679
5239
3373
92999
116236
10826
56097
3399
146542
1497
84818
56301
1312
55540
2687
28959
9351
5396
4038
147968
30844
83473
10758
53342
10365
100862662
7133
83871
8991
8742
93010
1145
729085
1628
79443
874
3823
6744
4494
2852
11030
477
115209
56829
10263
1464
116238
1160
168537
84439
56098
128414
10634
4935
1777
5509
1522
84795
441869
407977
55765
10335
6649
80864
10174
80833
79777
9001
79812
10715
389125
56262
10215
79038
6238
230
100526772
55905
1997
56927
23328
10217
4007
3270
7145
26018
64975
64285
5939
57513
30008
51751
5480
9884
6776
388677
124540
249
92154
2752
11277
54498
79927
55501
23580
8542
474344
3655
25946
83733
59352
81622
84225
80150
217
151887
80194
54621
3636
94
23205
7318
5551
415
2657
5467
497258
7942
8741
60681
10163
2202
2840
113177
84133
10461
92840
8717
56548
5255
5681
368
83937
10882
219285
140885
1632
6513
8613
130132
90952
81618
1471
648791
26147
9249
7392
4634
84727
3077
221395
85027
65983
4791
84674
50617
81603
149345
4651
57169
6284
6256
79993
3732
94103
79956
59271
114897
84441
4772
79174
5333
79724
51150
23541
1855
754
1649
10840
362
85439
348093
35
9429
80243
207107
3134
4693
91768
2052
11309
10577
56920
4337
440584
25802
112399
5721
2022
2199
788
141
10723
2635
9071
55701
4793
6821
154
11031
3490
2195
7466
2900
84706
9843
55544
55808
1051
388419
91351
113402
284111
112939
2531
811
4054
7227
1622
3683
64236
1727
84514
165257
55841
63874
283537
658
2615
6891
6520
56901
6507
57834
5192
10267
55286
3309
7423
144568
7867
219902
2078
152007
9314
5445
64847
26232
220323
161198
51816
54954
339983
58473
84701
64129
3712
55194
84909
2639
847
3385
5339
55652
197257
378938
2328
9588
9144
79155
10298
223
115361
7706
56898
2683
9034
10062
51435
5507
7060
11166
144571
8736
53827
5243
29968
977
4854
170575
221938
58472
8412
9547
25840
55803
8578
100874204
5349
4217
2034
1666
285095
57804
8625
89958
5992
100506428
51181
80177
513
7075
220382
4881
6237
1376
201266
100499183
7099
120224
51092
50511
2246
400569
389084
9261
440097
5819
7123
23176
115825
8424
100506795
55679
5995
400916
5091
1734
80017
285362
9848
3958
2768
5376
10475
389
2875
50486
8934
9524
63940
1521
129303
56731
824
275
11343
255130
4502
375757
6484
6609
10485
2004
56894
400618
6810
340075
5236
2624
9180
6271
116441
79742
57017
55601
10791
2040
399726
1601
81490
339166
4495
55198
27173
23016
6464
10457
8909
1152
947
338427
79784
4478
79630
8801
120
9341
220064
100506144
116985
200010
168544
6319
55365
6856
644538
23452
2139
10675
7107
254228
148229
100507392
9754
63971
7052
84283
762
115286
100507367
55230
23034
11240
162515
23051
79611
6234
158376
205
2697
5052
8764
8797
147495
3707
404201
10611
85363
2037
54344
9531
1796
1003
9289
1586
2746
2741
7832
23620
55616
4907
4646
10106
9934
10095
3773
257106
8326
100506658
79783
5327
363
23464
23753
353116
23258
8659
84239
1785
80763
10768
10188
2242
4241
4329
55612
50943
84720
54776
599
404550
928
7932
6663
80303
57217
56105
6517
3166
360200
5916
646962
1286
341
3397
4163
3315
57085
55901
254102
347517
79180
26301
54567
2
595
10247
153562
64115
83935
4534
10449
55303
57088
4296
10993
6442
55256
51131
221074
57228
83855
5872
2633
920
100507524
8528
760
58529
10548
100505616
7084
8601
25891
10395
64761
60685
730130
5698
2152
59307
54345
8544
4000
64855
26030
100507401
4735
117
54863
5328
84193
10974
100506835
25960
1760
4846
1793
27090
374955
3431
54625
5321
11118
8671
5420
6998
8910
83982
25923
55615
10411
56270
5157
100133286
3554
79026
10627
10455
168507
5973
28954
3654
800
843
199699
7866
4924
84879
5873
4162
197259
307
641372
55974
1200
2217
864
9772
4128
7424
23102
79148
7184
29082
124565
6468
286257
1368
58189
9936
9022
375346
5338
23493
729975
10312
83876
81926
255488
136
10233
285141
2262
64850
8862
57194
5375
308
2261
255104
155038
6041
27131
92922
3338
333926
3426
57175
10848
1992
5159
3065
399979
117166
375704
84264
2702
4343
7040
9060
340061
25996
388115
976
140803
4065
3709
2948
85001
319085
22882
165
1050
57537
10362
100129213
768211
1396
5322
10398
6565
9761
64094
6506
7159
3695
4504
55604
4915
653739
25937
26610
8630
2747
83606
171586
7517
158511
100128262
284434
51703
5625
11112
154796
8500
6303
57674
1910
290
100289580
23371
3429
196383
9802
4066
51293
7132
10186
23194
84418
5525
3383
4588
26070
81575
4005
84275
622
6688
5883
10226
22900
58488
256364
3433
6909
126374
84913
8682
5184
23336
23075
2101
6494
64065
219670
7169
57158
22933
4493
122416
6444
5547
126393
8644
2307
342371
388135
8698
9580
55340
441521
79652
2905
84329
65990
100128750
79856
85474
93349
167465
9444
58515
3155
682
735301
387496
126208
1363
729013
2791
27111
25959
9159
60490
4515
83590
2119
84263
5837
7373
3140
127687
11117
85320
2110
152189
83549
633
56203
112464
2313
4245
3659
3916
91607
9697
100272147
51705
10804
257407
80760
5439
29844
6926
30812
23500
84812
113612
54541
3030
64116
124997
201799
6542
143503
63898
7037
84331
23111
1908
1583
84168
27128
1548
208
27333
147650
3818
410
8099
84632
57105
115677
51128
4616
6343
26157
1240
23433
29803
7408
64087
7297
152404
7291
195827
6017
80975
5270
949
10276
8140
51205
1181
285267
272
1512
2014
116835
873
6794
64849
440556
100131089
51084
5764
5260
9046
1842
124460
1605
93145
4832
1435
162494
55063
10529
7049
130589
4071
84641
11046
78989
7130
113791
10566
3635
27185
2321
51450
4790
388564
51259
4818
56169
8722
6778
196527
3002
56905
55311
92579
259230
8490
1374
79957
64374
79618
51191
84925
84304
11341
3240
967
79090
55840
286204
51333
7005
8879
26084
80004
100463488
11328
8546
60481
389333
64135
57493
11007
126669
116444
29015
64332
81848
219699
2294
317749
79132
975
10422
25858
9903
5331
79365
23554
116372
8884
7122
6642
90121
149563
1059
89932
152273
30835
10555
54413
8531
23382
29950
8878
126119
416
113829
837
113179
374387
8404
388125
11228
2013
57596
339366
6239
32
387849
114990
10392
123904
3685
51056
64856
9122
4064
9459
4035
100130887
414236
9639
113419
9415
22921
8557
130535
100506713
100049716
145820
79651
2495
3628
2247
3601
5166
729173
9413
8985
30061
115861
6397
7082
100302183
656
2118
81
1030
90313
83596
64927
100188953
55062
29948
4855
3295
4487
196740
145482
342
126661
58504
11197
116843
2669
54538
162073
53615
54762
5228
91369
84709
4860
399665
404220
2896
8992
113026
202333
8556
2863
3547
5777
7128
57461
575
10039
166647
916
25764
8322
65975
5583
26275
23196
9817
22899
6385
83882
8082
120376
2999
3303
80139
5444
83666
10140
116071
9694
6383
7041
1519
1889
6948
4726
100507091
4892
8525
144321
54852
1308
148398
83874
4257
770
199720
54809
79658
9367
10420
373156
92421
11066
9051
8233
8798
57594
668
126326
9592
55337
135250
79901
57572
8323
79933
11147
23395
51741
23657
9895
51090
87178
842
8636
924
4600
5156
140564
150946
11234
157506
54
124152
4050
377007
151636
80830
91039
374395
134549
729440
25915
81844
126075
60495
7059
5699
50
7940
3106
5866
3611
100506518
23780
4940
115727
5130
84061
6535
23483
6540
492311
85407
1031
94240
148
402573
54795
440119
3437
203260
374291
5352
79640
51368
6352
1549
126321
81031
7957
85002
3588
501
5919
5552
5696
643382
80183
3384
9914
4833
115948
55614
4258
10221
3428
64132
5446
10591
54788
286467
51296
8611
80835
83547
3661
578
7439
3135
5336
7098
171568
22909
8436
143872
3791
286256
79823
3903
1193
100507633
29995
239
81894
8365
553158
10379
22837
5031
9380
1514
84886
755
3107
2788
4151
114905
10800
100506649
22821
3164
160622
221416
100289473
375260
113675
3779
4825
51063
25817
57409
115265
100506736
140606
5021
112574
92745
10161
100289098
100505532
9654
2827
57636
115939
284207
79922
6867
121006
5639
6788
4499
284184
116159
57608
4303
80199
113878
84288
6737
22796
138428
51513
51115
153
8334
3142
100192378
147912
373509
100130894
2653
3105
10384
440925
4542
128866
7004
54741
183
23315
3572
2550
54558
55911
715
64788
7262
3822
79774
375686
147111
64764
100505695
9414
7779
98
2913
54894
55366
221035
4853
79763
91373
83878
79966
2634
9510
117531
84991
23351
54785
3710
64077
100302254
1731
3987
567
587
54587
132228
6509
6522
2706
100128927
966
8418
7274
387
10897
5366
4126
266629
79156
5990
6834
8555
3419
28955
202151
6662
5032
3613
3665
3551
2122
644873
6581
845
26093
6641
29946
114971
374920
3560
284325
3455
2023
9322
6890
6615
170691
51706
22989
2787
11018
199731
29984
677766
30816
10578
9514
53840
3705
161291
6242
51665
728463
91851
401431
23555
9244
91754
7923
11035
79064
8574
11322
7450
10060
54978
4939
2872
4947
1203
91289
55301
6881
9356
94121
246184
56994
5972
100874253
10616
84750
23242
4091
7138
57106
375759
151194
219736
85012
400759
445372
64651
53405
57716
4026
55268
4967
344
9938
2113
10609
6374
51734
57678
57205
2296
361
116254
5920
9424
684
23586
3672
3597
50846
2824
59342
143
124402
2628
26524
80149
134145
11079
340348
29956
3570
84310
9411
254359
6920
3430
5281
3959
55741
9088
51776
5034
4332
5790
26269
834
730102
1509
763
629
10491
23743
1815
100628307
6915
1317
10203
9630
6697
94234
64123
53919
84631
9830
84034
414149
4864
4261
4111
84904
10783
81554
134265
3300
8993
8826
10979
2272
29909
115004
10561
10922
80127
65217
10451
90113
8837
9064
146857
55748
6820
84627
55277
79710
90102
100506195
26092
857
57509
7009
57664
2828
645191
286083
143903
7058
54867
55281
10418
84279
9274
4681
5441
54998
100134713
3669
284361
83460
10587
79903
90507
5829
1285
6529
151516
51267
84166
5720
100127889
2859
954
2055
100128025
84466
10544
29886
126147
4982
83854
3764
152302
79635
3910
11329
285266
134
22914
64757
93343
3965
5791
85004
1259
100507463
360132
10519
138716
27233
23549
56996
9976
952
80201
1891
51149
4277
138724
10266
100652930
51020
6777
871
55295
8870
124222
79940
83959
643733
10865
1535
5359
23475
9040
100505705
2519
55037
200185
7456
55806
23576
1843
10654
57642
10011
521
23604
50619
1489
414235
220929
57659
10252
148413
56957
730098
124491
79870
339512
139716
619189
286336
161582
7538
79785
51316
10726
256949
246329
51329
6717
11160
10749
100463285
29108
4118
254552
91582
8501
9535
155066
51099
5813
441478
1326
10439
131870
55589
48
10668
51075
415116
7414
11145
79802
10346
29801
167681
51093
340706
1384
56851
347
197135
64699
51635
29958
90203
57823
10099
4814
388182
23184
388011
112495
57091
7462
