4057
644246
51326
9368
9104
400322
2053
23189
2323
83959
37
51043
126661
51020
4782
5551
79890
8214
441869
80019
8106
84572
5348
26232
85012
115330
84983
554235
6279
441108
4241
148741
10404
4055
5349
3693
642946
83547
8996
2875
100775104
163175
147650
51084
1512
138151
6560
474170
51329
148932
6892
79784
1622
2678
9086
55365
92840
2949
3707
56731
8233
338094
4772
1992
28959
3934
8637
6575
146556
2184
60489
53373
79132
147968
54059
6776
55268
254295
210
1573
64975
51704
1181
400916
2052
113791
256364
7392
55841
5730
5260
100652739
5338
389084
8742
84875
91107
6539
84179
4069
1668
4303
376497
284297
79777
10578
10267
85302
7923
84996
6284
5625
150209
363
1465
10174
958
92999
51741
5269
4302
84701
820
1191
126626
55230
100188953
29763
59271
6094
348
83937
23336
7263
83982
195827
338657
9940
6285
253982
1145
9780
51171
84836
26027
112849
6352
100131089
58190
35
58473
5192
9414
1294
92305
3107
100049716
51226
55349
65975
216
10848
84818
29952
3268
5745
6280
9413
10901
8309
8544
79792
8991
55258
5790
79365
100526772
57804
22977
6517
162515
91369
57447
9351
729013
79640
100507436
122416
407977
30008
641654
3113
5091
7423
80227
54498
375061
6271
285095
644186
79778
230
6764
29920
3155
84331
152206
23371
3958
9283
3043
27094
4793
84883
440248
645811
220296
25946
1376
874
8605
79785
5973
11117
4054
197257
3006
64167
94059
126147
4261
6468
4494
57326
4504
9557
84081
3679
972
824
342918
78989
6640
8764
6385
6540
822
125704
1160
2246
162514
2905
55062
10384
2634
378938
28984
23743
55177
51268
730102
3766
9572
56927
80017
5698
7205
2948
23620
1435
126075
84282
8644
11170
3106
3913
6720
255104
50509
200958
100131060
4007
9001
7867
5916
57513
388115
6283
84681
10732
57467
23034
90121
10715
5837
129303
259173
10749
116448
4634
1312
1586
83473
55701
81628
1727
51205
6261
3695
5360
7376
32
140576
8736
8216
55256
286256
57153
285440
3560
100506518
8741
124446
1471
10188
2277
25959
219654
79006
5696
3338
5654
6891
83733
482
100874204
84288
30
28971
79671
57217
90507
113177
440498
28955
57348
79781
10230
131870
220382
339366
53342
6920
84514
1259
4059
954
3490
11153
100506637
115361
54587
84791
183
3032
22921
64114
8528
9244
116236
100272147
79885
7094
100505771
6911
2261
1030
4515
23205
9153
84264
770
6909
217
23541
2657
26020
1116
30846
221143
727956
116238
10974
10284
2852
192668
84418
4776
255130
5333
4317
1793
3134
3659
81622
26070
5549
51751
10321
56548
440503
90050
3431
79443
90113
28954
29948
1777
100652930
165257
5443
5364
56901
10840
137872
2219
55337
26227
4935
4337
57139
3002
6237
10335
2647
23242
10791
9580
6238
2263
10039
9669
25891
114990
2159
116071
126393
51115
26112
84532
497258
93129
54893
1522
50511
3133
80833
2040
389125
5414
9341
3108
51747
80150
23209
2286
4588
57834
10411
23176
84752
22989
257364
896
55112
91768
79090
283755
58515
401562
750
153579
254128
23493
8659
55707
682
3030
8786
2014
400759
399665
64094
148413
127687
3270
5990
1374
55277
8347
648791
11240
84335
440556
6535
100862662
64081
81603
3660
84696
644873
10241
84632
2954
94097
9843
124152
201266
2328
90933
100288332
6744
2752
5446
85001
8737
8537
79148
81844
63971
153328
2687
3727
286467
100506746
6275
3551
339789
65992
55747
220323
6303
567
8502
6584
220064
84225
1583
11030
23464
400961
93010
85360
283298
644538
10758
2760
23500
113230
80332
81926
9588
140606
4134
8743
8909
284434
10753
3691
87769
81035
9934
222166
2633
1728
388564
65110
3712
100506428
4495
1088
83648
3955
170575
5159
3430
56301
116985
140686
257407
25992
369
7349
8928
64850
9772
100130894
51181
25858
147495
11112
27040
9071
64221
80763
83878
64285
57823
10811
7318
56957
79156
144568
9813
9051
375775
100506795
150082
64129
83938
652968
50865
100289098
558
80303
89932
58526
3636
284119
55384
5346
1521
5375
126969
729359
10634
5052
79038
375757
65990
440348
375704
84329
1152
10350
2635
84812
414328
5920
342346
501
91754
2168
11007
7466
144571
8424
10882
7975
1285
117155
57381
2034
26353
100130717
9630
11197
2670
122622
163154
286042
655
65983
554226
26275
114897
9961
54858
28996
275
83871
138649
84680
253827
221416
378805
79026
80194
3700
595
4651
23207
92521
168537
147685
27131
3590
53834
101
9694
64759
115948
80301
3628
653739
1666
6319
8794
1991
975
84166
11341
467
64077
64761
55652
29082
284612
126119
6023
25956
134549
1837
4318
246181
284111
3315
5507
100
100506713
100507463
1286
477
727897
112399
3726
64065
1059
283229
10826
91156
51435
83876
735301
83543
6080
7185
10272
3822
441478
26018
65125
246126
729440
353091
5465
56898
58476
23566
140876
4854
873
155038
410
400511
11066
5872
100874253
7535
80975
166929
7060
8993
284184
10519
5331
202333
196740
788
92154
864
10420
58529
25915
27111
60437
84886
8515
7439
5322
58191
151313
57125
113026
114112
599
55092
9242
2624
171425
9720
84952
163688
54884
4257
26157
1307
219293
1892
388335
2018
112817
255043
28316
10485
9903
113178
5509
6890
3661
115265
51191
80022
2934
3001
728294
5236
155060
5476
9524
307
54776
51666
402381
3266
400931
10723
4493
4046
6672
57409
5241
2037
4638
79957
100134938
2202
967
8862
8099
55540
1902
64115
10066
8490
7784
677766
60681
22882
4166
23328
10449
147798
6450
29800
57462
11145
81894
113402
79758
130872
85415
730130
4155
26471
100272228
158511
22914
84304
4818
4502
10326
27237
8574
98
9324
10993
54760
4240
340267
9802
629
7145
348093
2495
84795
64699
3299
6542
100129213
26231
9812
85315
100128788
27031
54923
8717
924
84837
6529
155185
5445
400236
29844
100128511
25764
5972
2741
619207
10247
10581
158248
333926
25840
5699
4780
54739
147807
91373
93349
55612
92293
10388
9674
25803
79927
26084
730091
7957
9973
54961
285962
84706
4005
285596
4821
7164
653316
8326
3385
79611
80024
126669
58472
283335
1891
55063
10555
4336
9040
414149
10379
26030
8578
100506526
10841
5029
4814
642475
57140
10804
1302
4329
64116
6494
55908
83854
85449
10577
127435
441459
7297
112464
162632
285441
2152
116835
56920
440574
23569
57580
3683
100874047
81618
6339
4034
5919
8613
5444
10263
100133286
205
100289650
400618
51599
7082
2013
6579
151174
84073
4791
1939
28999
255512
3948
10491
684
347736
51257
5339
10566
23475
64108
573
653160
2615
23580
100316904
92960
10217
2267
148898
56848
8365
221749
4327
377007
1200
9547
84439
9531
79933
387486
113452
374872
8555
1855
375260
2681
3561
100505636
6017
282618
11343
57085
51296
84909
85439
55901
55410
633
57644
117145
2999
23498
80221
58504
140564
5396
55357
116254
51348
3623
100505616
387758
415
4731
100499405
362
84279
4709
55616
85320
23433
221938
1548
80760
348751
285668
492311
338817
3433
140706
10220
755
966
151516
207107
4641
10233
29968
916
389337
5777
221074
800
4636
400242
389
317749
54933
283537
8530
56270
5873
4487
1593
84217
84750
8601
51119
145482
116444
123872
11251
441457
55194
79618
23559
51372
10998
100287898
119016
285266
83451
3798
1051
2622
443
2017
2946
10768
51285
9111
2628
9429
2307
100507257
3633
55281
81892
51673
9053
84249
25832
3128
2791
25829
8500
2110
3122
5327
100507475
4604
155051
8611
64132
9389
7078
100128262
1889
80162
6520
642778
164684
140701
6019
10529
144811
388677
4694
4296
80704
23048
51665
5995
57642
94234
246721
145820
55559
197258
9895
60495
375033
60490
200014
79036
100506753
125875
634
1384
57572
10312
400569
6029
1734
146542
91582
2768
4714
340371
100505648
4646
11166
90313
81
29886
10455
4332
84239
51341
387707
283130
9976
9667
124565
115362
10591
353116
285195
56262
150763
55588
54741
55260
2826
5596
3956
84263
6642
285830
79783
54625
219731
4038
162998
51110
147111
7979
91522
10865
9235
3399
10215
1589
2300
100506233
10298
2531
272
54795
55303
404550
8992
115286
4123
641372
4715
11147
29803
404201
114823
4343
60343
29937
283663
55332
100127950
254552
375759
11018
116540
401152
53832
441212
23051
55905
2512
51660
9138
140467
84106
54453
8569
100507524
2653
3437
149345
2
645840
25802
100507057
64577
165140
3824
6573
54868
25981
503693
8082
201294
10461
392255
79774
3077
64174
1628
3705
23061
268
55510
8934
11277
290
254228
11031
8073
1489
1368
51131
1464
120376
23780
5439
284086
7011
6430
8773
100499183
6799
90102
1634
10541
3166
223
1901
1486
50488
11129
9457
84129
658
90203
121006
6774
6256
58488
90527
284076
4696
401251
26576
23678
1760
23101
27333
2697
100506881
219736
976
645332
728537
56203
118924
5154
339983
79366
85004
8572
4353
2297
8822
9261
54621
4693
118491
130814
23657
100129250
22837
100506144
3818
5992
260294
91316
169611
8801
8625
3140
5151
84275
6464
27147
4065
125050
387644
5239
54998
100287225
100506725
121793
6507
50636
3283
11046
9187
51076
172
11328
161291
55604
441072
196883
6236
8850
284325
79874
8519
6037
158801
6641
3820
56894
84215
10362
8501
124540
9654
7084
196475
4026
122664
8323
843
57798
163732
23351
7040
55911
1731
1783
285268
5833
3993
196383
339874
2987
286190
150678
440104
653583
2746
3397
1298
11118
962
3105
120
84940
8630
8542
7052
2217
100132406
348303
54958
55914
355
29899
84133
100874251
55340
79582
255631
6506
29995
53919
8722
10614
53637
1346
1549
51128
6810
79812
5376
54894
23604
11069
29984
4050
51162
286204
602
2779
130355
2738
100130887
177
51635
652972
64122
81887
5311
136
154796
10410
3419
196410
64900
2295
494513
162073
834
654320
57596
474344
10345
100133985
100130231
50486
27350
2788
91252
3823
390595
3600
51706
837
25960
130271
10398
8525
1396
780851
7869
79990
79958
25805
2262
140885
54103
122786
9400
100289473
100128675
200035
388407
1632
56911
285908
6565
8675
115209
80127
57514
57577
54988
100874056
3429
7099
221458
7048
22806
93649
92304
5365
83858
202151
339674
1025
4582
4907
154
25793
4726
23303
79412
100506495
10062
6649
10276
51129
100507091
4000
1757
100144603
4111
57159
199223
254102
64005
100288428
140609
9322
9068
100507392
23513
55679
150946
11280
255488
114780
6383
151254
100506696
256949
7043
6988
92922
10650
5720
373156
155370
50619
80830
100506258
2303
4701
3770
24139
583
6717
57664
6788
6907
642799
3932
54345
50808
197135
11162
2294
10627
2952
57402
285141
5243
1669
3732
79940
126823
342908
593
200316
64067
81888
3654
126668
347862
56953
4915
728431
158160
55336
84991
26802
55766
3613
414235
151258
1908
3601
92162
100505929
57017
283232
219348
1337
55840
1410
4681
5283
140825
4824
3483
57158
257101
80243
9028
4118
80115
692212
11219
845
51564
222643
6901
1119
84168
154091
3075
26099
766
8416
118663
79870
158401
171568
116362
54762
64847
190
57471
6663
7942
4499
202299
85495
9265
9535
1329
2840
64856
6820
84061
388886
79155
8404
79161
1842
55286
3249
142678
22953
7066
64400
9026
6691
100499483
2787
2811
100506915
11181
388531
157739
64321
79686
4669
25817
25957
9459
389203
5037
9034
53615
138428
3090
5157
5657
285955
79630
25961
65095
25895
66008
57537
4071
5525
9848
219902
9227
9209
63940
284083
29922
94274
347732
50
4128
4258
6778
93145
3909
347517
3699
100463488
128414
3937
2139
79849
100507401
25901
2329
7139
23194
347
727800
51513
116843
9510
9488
6448
83666
3790
254428
374659
115677
389333
79901
730098
55080
55107
84222
84310
53827
51006
213
115939
5480
149069
1299
127428
9256
2879
56948
6402
678
285800
7005
123283
64342
441549
1942
55515
9639
120425
144132
2296
643733
157556
57088
8820
728747
9936
622
10755
84865
643988
10548
4627
27090
5098
100033433
80864
9541
6440
3065
9424
1178
147138
100133545
7049
487
3293
4162
2109
51734
8292
729234
3887
1476
55367
54344
57524
373509
728642
2824
51056
27106
6997
10562
151636
130589
8671
51733
139716
84796
8608
55198
7125
100506020
130132
51258
710
124221
64180
57530
6300
266917
6932
64118
100507612
8698
8682
285203
57035
5860
971
161882
10783
83606
100505716
10654
23430
7132
117248
5721
947
124401
100507127
339487
8418
3959
90952
949
23753
79178
150356
80174
6527
283927
10616
8906
3669
7430
5199
2023
10349
831
3142
1511
649
80724
100507398
80177
8807
10942
3965
653784
30833
161198
10422
5158
286006
23052
80279
79713
6697
346171
90141
4600
3792
80139
100287366
51228
374395
51024
22879
521
668
387911
6150
255187
574432
56302
129881
1238
10161
441009
51705
221395
847
64788
6166
84619
63976
2859
23460
100128750
9625
170371
388135
8291
388011
90865
84698
1050
8495
