55287
7620
1760
100287482
146540
30848
54862
55577
8558
1140
6634
147808
5211
286527
2972
94030
421
11333
57473
728118
79943
10620
115950
164091
79661
29942
92675
5959
729288
284361
7922
23513
79673
81572
8563
11132
79706
432
29092
80305
79724
254263
123096
11000
158234
79643
4858
5387
51343
285989
100271927
3292
120227
55798
81794
60492
144717
54751
222229
6621
286077
100190939
10290
142678
57719
112398
9294
165918
140700
54732
339230
8818
54581
215
375341
79153
401303
116447
79701
3704
5435
55210
692312
8665
375607
650368
5032
51072
125150
84954
100128288
65110
9091
388931
100631378
9894
162967
5623
1627
25970
286128
130557
54758
90410
11266
126374
8859
79587
114044
2962
56342
25807
92591
58506
1018
6882
29115
132946
10139
338707
402665
390927
56624
83858
80233
54936
10585
100507057
23241
51490
84218
28982
126208
80324
57701
126792
84292
124930
201255
7703
114984
246329
27013
10498
388323
728554
1840
84303
6576
79874
10409
9274
51333
283212
26774
56005
56996
171177
55149
8000
25845
54811
51548
752014
55900
5498
23313
147011
79863
92170
147040
2868
79842
6666
91012
84695
1773
474343
56971
53826
2901
9986
29911
79798
124401
3104
389524
57176
83933
347733
51602
54623
115703
414918
64319
219541
22846
1455
283687
581
100506518
124045
22809
51155
84645
57593
9130
401262
55367
55192
11021
54896
80728
260294
153478
84988
55321
7264
9179
4150
55957
6452
9141
162979
1613
222950
2116
64599
55715
5982
1855
201254
54952
51466
55692
353174
91442
54991
375260
56975
9230
10850
5345
26086
85028
55644
2281
9704
441150
79159
90204
64598
163033
81890
6228
388759
284306
51260
10428
56658
85377
51547
116225
5531
126272
66005
79862
78999
284427
25920
53407
3177
7280
51367
79169
165324
64780
28988
84501
55152
25794
23217
155400
11232
285971
5202
100125288
8312
340385
654434
10849
56928
80757
100289678
7379
283870
6433
9552
140465
100507071
54973
84717
65993
8568
55700
57801
6993
79078
1590
155382
92979
653319
2011
1158
126299
10557
11047
79230
11140
29882
5303
221527
85395
43847
84124
6339
57828
9260
2950
55716
388152
80279
8193
5313
10297
112752
11136
51117
81888
84545
158056
6187
284371
6222
26993
168620
118881
1155
115939
79948
80179
11267
51545
391356
50854
3421
57661
4298
140680
2916
728294
728568
146542
27429
56896
60672
677838
201191
84902
339231
221927
9146
26517
11078
11094
51005
84705
25880
115098
55657
90379
92714
51291
80714
5479
5700
6838
126298
83590
3083
83541
746
100506660
2738
9463
157773
730051
79897
4194
9605
100885850
114819
50512
751071
79767
124751
4904
79856
550631
374946
379025
284004
54949
80741
9543
284069
977
11129
55829
338692
6627
64969
79369
7507
84058
84245
414919
64425
1107
149473
10330
90580
27285
8487
6636
219537
1506
100128569
5496
8427
123722
9136
79144
64130
100130111
387712
6625
26469
84878
284131
1397
84629
23119
548593
11066
10948
728130
22981
8718
64773
202658
83658
6234
1153
83642
84221
57595
100499177
393
22994
81858
790955
11013
284338
9696
81577
57696
170954
100128028
4062
6650
55565
147015
91734
7428
148413
5881
388695
55813
10811
100289019
57109
81029
7775
57116
84667
57666
9278
347862
157695
8379
51412
255057
80178
220001
64838
100506679
80895
5438
79581
8148
100170229
339665
25759
9170
10536
10180
51506
10961
55330
399670
55702
5688
90522
54620
51188
84305
9266
55311
23404
1944
127829
3276
5425
1984
55362
6810
196792
9533
11091
548644
10695
51690
84787
6483
728489
2968
57494
284001
653784
5710
84865
59284
1120
203069
27348
51614
84231
6300
4597
340591
55634
9013
23152
8620
115704
23539
26472
6176
9985
57060
84309
84268
553158
4157
80772
27158
7461
83463
997
401115
60509
100129215
138948
151903
349136
84444
29085
11190
114826
8704
374920
90120
7391
6320
10073
11253
84126
55055
64983
91978
4034
6132
374899
9647
11338
221496
10864
29781
339453
9546
25798
9701
29924
727956
55111
80152
56616
25809
1877
641339
7846
750
80198
132299
94235
4335
55627
170487
79759
92822
728658
84619
140823
64857
8260
11159
23288
124404
728233
89891
5686
150290
79077
51070
11189
84330
10589
6150
80774
57048
23625
23246
5152
84464
55621
255783
23481
55929
27166
4795
83985
148066
64320
55663
280636
100128731
6167
84939
147166
79918
100134361
6144
587
80164
2661
8233
6940
26270
122704
2621
55009
84445
114794
81857
284106
26233
7551
57662
10452
54923
4666
284352
80758
653333
26017
3263
8834
124790
81027
100316904
84033
7755
220992
10421
400673
27344
7106
9984
400242
22904
9742
9589
10244
65057
57827
10528
5589
84809
10227
55653
9811
79703
203260
100129060
2582
404217
124056
2671
25823
8772
80108
338799
5763
2784
3150
57479
64949
5819
89845
8106
200172
121642
1943
255758
147687
83723
342538
51477
7051
1675
28956
163115
7553
503542
5546
80097
100131187
29945
84337
29998
5216
285696
7979
7307
7692
90321
442578
9277
54825
196743
26151
84074
6135
7503
100506705
64170
84942
23334
84131
400410
23370
1937
23564
3476
92715
2817
9220
26528
786
4700
79414
84265
10084
51750
255812
28991
27254
84324
81551
53615
57731
1995
10534
114904
51747
57622
11075
6206
25796
2979
8891
5891
22913
5662
6015
6388
84973
119710
10272
2783
6835
339105
100130274
100507217
54780
26173
153527
58496
26788
79707
84246
11285
83444
23480
345462
4913
90668
5585
83886
401647
64410
6944
146771
162968
79176
220359
283643
7311
158160
78997
401074
94059
147929
9618
79165
115024
84289
26802
78994
58498
3265
5442
55859
6895
677825
29798
30827
51177
5917
85359
85456
65108
10682
1936
91695
84153
9814
23645
27245
51428
51529
50626
666
83874
5695
401505
203054
90353
8192
54433
100137049
128439
51275
91304
387066
4320
2781
29896
177
54540
6191
51588
10399
54784
63932
27040
10817
161882
644019
11316
57617
56985
10522
377841
2130
27243
56163
5434
100130155
4726
84285
9973
9755
51233
80739
10856
11054
58491
6493
653188
22934
9667
100507018
90678
10248
79922
8241
643988
374654
10501
10422
100131997
541565
5441
83475
11181
23170
51647
51160
51399
10658
116228
55669
8677
8636
100128126
9447
60673
81550
4294
256281
50624
65989
90007
80726
219738
57597
84467
10567
8220
387882
4724
57574
1564
9757
55615
3714
126003
200765
256643
2224
83443
222183
29997
1796
3159
256933
198437
55738
114783
113174
27113
440603
221421
144347
54932
79690
10641
10652
84446
126382
221424
339175
284600
7108
6173
113179
51078
6253
1445
51021
441381
51251
147699
57053
684959
5050
10980
26790
100506907
399664
113691
10078
26121
283991
6794
63922
90525
8187
79447
317760
116540
23526
641648
10518
692212
100874197
342977
5936
23135
119016
7593
6923
80776
81576
10256
29901
54913
285367
80308
90060
51150
8721
10459
4201
57690
60680
54974
5195
9112
93273
566
163059
6002
8912
2079
29933
2063
402682
63943
7114
27433
2874
8420
22859
6837
10960
79002
6418
54802
84904
115708
90378
80271
116115
79891
57407
10629
11093
54512
197322
285598
100130958
1059
5986
54470
284013
9024
55257
10938
617
55027
79050
93953
27297
55201
10597
432369
8666
84936
26097
64421
65010
27352
3182
22985
11173
487
219844
6335
116983
4524
116211
157697
10524
112869
84650
51023
8882
10715
10861
11258
29964
29765
283149
153733
10807
57418
79768
9092
79741
6224
84264
6208
90799
6861
85026
84914
118424
90864
3995
10898
91300
4833
1968
89887
340543
64943
3425
153770
4037
126549
7353
91316
27065
3615
100313837
23399
55651
3178
79005
1056
5119
388228
53917
9904
1973
65109
440730
9907
400986
197407
9858
6202
60678
22897
6171
27232
54869
6130
8890
1375
51499
283416
38
80778
26048
282890
1645
6399
64146
3028
79081
83756
84960
7392
729873
54969
100131801
8642
6633
129530
10445
348094
5609
124997
91355
84163
27153
65999
199786
11284
57333
348180
199731
6370
6919
10474
5605
6728
57794
51808
112495
11158
6205
6229
54976
375248
84734
6604
7388
100134713
414189
26800
57106
56654
400258
439
6122
389634
6829
53635
729440
55687
9311
7531
81532
11313
1775
339451
80345
54460
149076
10956
388730
342926
100526737
10014
998
91603
153218
116840
9997
200185
23759
25983
79173
7067
23361
115196
3801
255374
1857
51564
10212
55876
401399
9344
374969
91289
51759
53905
10500
50853
348262
146956
23218
126321
11126
55049
128853
26229
9466
84167
6188
64118
84948
403
23589
28992
6664
54964
163126
114879
1762
25766
6455
375189
51035
653483
2657
340393
22861
79848
4830
2254
26589
100507564
84310
30833
54853
55954
388569
439931
388165
10021
1917
55052
84630
641977
6158
5897
6147
23030
84924
84908
80128
4600
1646
26145
126074
268
113000
150291
8896
5989
57761
8894
5064
65979
6508
6100
254102
7643
55280
27079
23148
4282
1933
11335
5436
152831
10608
5719
6139
84261
54555
10969
140597
10450
3785
255043
10477
51308
84164
7343
7539
57449
9168
83955
735301
57799
7295
79171
7589
5883
84727
81706
54963
84661
3300
126017
6727
221504
284723
57657
9726
1716
54509
79921
23401
4637
7345
81605
284677
2593
24148
55150
6169
79656
5831
654364
79174
54584
23149
6175
10469
100506737
79934
23412
51726
5715
6143
3692
84513
387856
26063
51147
81669
26155
60674
5252
64743
283951
284114
56931
28989
125144
83637
83743
4809
131076
3614
222962
8667
8771
10381
6441
54441
78992
100190938
7410
10093
409
25799
79004
388327
11224
57707
4326
6124
284702
7700
85508
90416
7566
4725
5684
10654
51596
150696
7633
80740
148223
64714
8557
5600
741
6902
4861
389114
348327
150372
1201
908
283899
100507341
9328
27043
27156
27095
90850
401565
53938
689
51287
3921
84266
91574
10360
10919
23612
3925
9684
1028
7709
79187
56257
57150
6168
1820
64434
203068
100128071
11056
24146
4676
4678
56886
65268
79797
27341
7873
65005
83694
129303
93109
2767
81559
55057
5199
8399
55082
7419
154467
286262
57184
1211
2189
201161
9567
2580
6161
8479
89953
7746
10916
170961
6136
10734
784
6635
100506123
7284
6631
23406
9150
692227
6146
64979
84881
4831
22877
5372
170622
55139
85378
387849
90441
644
51406
92369
79140
51651
4636
138649
10795
26519
10412
2888
5245
199990
387264
84905
2521
2021
199720
407975
5413
56917
5902
57332
6230
6227
645811
124944
692073
146705
10406
27258
56063
2812
124565
116832
4723
54663
79676
100505561
54939
116412
81629
374928
51639
400506
143678
6193
56926
8175
7166
23002
144404
39
92558
93611
373863
548321
51250
55502
54797
206338
221908
84861
10691
100506696
55608
245812
400604
9158
23098
23521
117246
83449
6880
283358
1815
124402
100287284
286257
150383
65124
80700
10101
121053
79969
23211
9441
54760
115992
64110
7156
6159
4014
9987
390980
5192
1350
79970
79818
5226
392617
51447
7483
65990
57716
6632
23567
64975
97
126308
3485
23403
27092
9443
7936
9149
100861510
6203
81490
9325
51121
90480
83608
6141
200539
286319
59348
79066
64951
200186
9040
79258
6233
390940
100507246
196403
6134
64852
54807
54956
56672
54927
29099
29926
29107
414208
26548
64855
389119
6154
84232
25855
84798
114787
55869
58500
8822
284339
10181
3550
29101
84219
11315
1841
2091
6156
51720
10216
10077
26024
4482
124245
51693
6155
441951
54935
60314
79927
4598
643338
2644
285855
55721
79025
646892
6421
197370
51637
65065
54785
91272
58525
9246
9361
101
259236
51077
7515
140825
10952
6142
6160
25792
51645
7023
54535
729991
3795
550
10052
1854
401207
91942
396
79758
54496
55897
79016
222901
3187
6207
344405
113246
6949
80381
57038
92595
11340
89941
9324
84080
79570
1002
100529251
8663
389813
89846
129080
7625
2876
11104
80746
440823
6128
863
100506392
388552
375133
92609
54461
644511
170685
7352
100188893
9047
113802
26511
27349
54865
84808
4485
146760
8111
5905
91319
5439
353091
280655
5683
1032
6181
23192
6199
9409
6157
1072
51255
90326
55622
25873
84269
79573
727857
641298
130026
4357
440957
11243
54106
29940
100507459
387841
100128108
9970
23559
100037417
113763
79736
8189
10471
5685
10587
30834
10694
5533
51073
6125
28511
9978
3858
64428
51082
404636
131540
389541
10327
390748
6901
51451
126069
468
6165
26986
339559
23478
100506990
4486
27338
738
54987
521
2197
6223
57224
4923
2584
284312
27112
10650
51025
26290
80256
23354
1589
58509
632
54187
54960
1616
155060
84923
9094
1174
1454
100507053
83549
203062
65988
256355
93436
29893
51002
57409
7919
6210
653519
54539
79854
118490
51264
11161
55512
4832
4595
338657
344558
202500
6137
1797
345456
6194
7988
157777
51530
55110
25949
6294
9744
146378
50814
2356
144097
2596
6449
124989
9363
1781
51478
9569
58486
100130449
2495
374291
84298
118487
403313
283385
6487
85446
83592
7737
285148
23542
9349
339883
6748
6665
79363
388886
4738
