29074
54516
11080
90637
80349
1416
93611
145567
84517
3326
10130
55593
2563
26128
64170
7064
284306
27352
4946
8878
54584
22949
22950
3312
51726
93185
7494
2630
54776
54977
64689
57184
148523
7030
89801
8541
728489
30836
3727
28989
284613
9910
7873
724033
23645
554226
26240
3309
79735
120526
10102
55812
10614
2086
10294
78987
25821
338692
100506930
84193
245973
10063
23230
4236
5997
50944
10621
81627
9854
55204
644096
54981
25940
729515
9912
414332
219844
997
125150
29903
9463
51072
123879
113622
8722
871
23392
3052
6326
79017
55664
221336
598
28512
252969
7458
22999
7718
4141
25999
6499
55466
81873
84572
8986
2893
55739
7316
57050
23514
1741
534
64771
5706
84852
129285
115004
2049
50861
51278
1628
60673
166
360132
56904
100129128
10922
56660
9719
1408
54462
5160
2550
54461
1855
1983
5590
728875
388753
112398
26297
1917
27239
84309
112483
53917
6785
8565
55781
755
11079
211
122953
79815
1649
55633
6709
345222
91582
22948
11146
7323
80333
9997
51149
342918
11336
64122
6606
7172
4677
7879
56934
8662
55049
64080
22849
5261
51389
149603
5886
8615
54758
10284
283638
84335
51299
322
10382
64978
126129
4835
9270
284071
2664
6014
55617
4277
55048
55844
23409
996
54681
9331
8079
80008
6620
10726
728689
55245
85236
5536
375260
23285
29090
389840
254102
5520
284611
221955
548596
6855
79133
163255
440279
79020
63917
81602
90441
162989
11007
219539
55735
25789
10015
138046
199800
3310
468
81565
114900
6293
56666
1556
6844
84933
10219
25924
140735
339453
60386
4097
6305
57380
10900
4616
10928
8724
196294
9685
2686
55039
51333
54972
29882
3029
199990
285958
693224
93621
25956
54806
284029
64147
10575
54840
26229
22924
80067
11282
9699
3188
374887
476
113220
389813
2794
2744
8559
29950
114049
10133
6622
283643
253982
83605
27175
65993
121268
5510
114789
10587
90025
1212
158062
116988
84253
5707
27430
100505687
27243
100134713
100499177
5601
22927
112950
3795
124790
100506102
81926
80142
7184
50486
171220
1639
84446
8678
56834
467
221895
55764
283871
7314
84964
2353
124817
9211
65992
28952
63908
808
8452
9665
9361
84557
5372
494143
4043
11054
7504
25830
5870
90678
80273
3308
10422
345757
284427
100147744
23710
80700
23423
7978
3777
7381
8484
10501
29078
90639
100507547
1455
79575
50855
2785
100129973
23420
26511
334
219333
84926
1742
2805
55530
51440
54663
255374
55009
83394
100885778
4594
283899
752
9604
441061
7390
92703
23125
9479
273
55258
199746
11033
631
51295
441521
84944
3265
1008
4437
3301
8775
5660
729967
124044
84259
115827
57718
9172
664
91801
5961
27101
55827
6090
253962
8372
56888
7265
29844
219621
64409
5502
645121
8558
2661
64983
83877
9927
57683
10682
2965
6508
9016
9909
55178
112812
84251
29115
5801
55297
2842
56160
80759
147906
79748
10653
11133
54986
55356
10090
84520
14
93974
51186
64112
11212
398
30815
535
57596
57418
9751
90835
291
11253
7277
84814
2923
4674
51310
389812
51566
51652
9093
7264
4723
816
78986
79171
10014
23770
7102
8548
11165
599
10987
51504
55011
372
10273
5447
388581
54878
51096
11047
11194
125113
9086
146206
55831
23542
26580
642636
5007
4591
440
1984
3313
548645
90701
8926
4880
84340
65990
8932
91419
156
10681
114757
2029
100128028
9976
147965
493861
8655
83873
3654
80829
1213
55299
84065
2063
1850
9148
5864
65018
51603
112703
5127
6638
4708
64405
9701
91608
1173
9217
4294
8974
2812
7425
100506057
79176
6647
23787
54765
100313824
10669
572
51073
4733
5524
10694
51567
6794
8941
115098
84708
3315
57325
116986
51143
3800
84084
132204
79714
770
25824
80344
149951
129138
124808
57106
55897
8284
116138
7203
16
779
4924
3631
9520
221468
28957
4037
573
79683
23640
3419
5575
51157
641371
100533106
5876
23246
53343
594855
51520
9805
100303755
9372
27032
6478
10573
149465
23595
11261
54859
9131
164832
445
84262
79629
644596
785
84321
1300
374872
5701
55854
339123
148014
84154
7415
5582
10522
56945
148113
56943
4704
9472
144195
57026
6415
833
9191
5300
100134934
4253
3087
8557
50614
55791
10440
26145
23466
23646
255082
10058
58157
414241
340543
7417
10589
7266
51400
84304
22980
26034
22870
55611
4878
118813
10097
399668
5631
11034
908
2257
129880
2987
6865
3420
1958
10208
340542
441212
493856
113026
26155
79137
1026
5276
84502
54472
115939
64754
5718
51429
90480
1762
1662
9373
4355
8793
10490
83546
441151
644873
9878
339674
6000
10059
7137
6733
9379
11157
5573
1537
11319
1345
8634
10944
199720
58506
9040
58515
51103
55658
7737
27134
84319
9610
5315
30
5713
961
7416
116
55279
377
5607
79101
85358
9592
1838
4712
3754
9362
1353
100133234
96610
112937
255783
1620
8536
84908
203054
2332
27294
84934
54998
112939
259232
8525
5526
100131060
100130776
3163
22907
132
29101
1022
138429
150223
26268
29781
400410
127700
55122
54414
6515
5291
1845
5602
5971
140739
6950
257194
3069
29789
7167
6768
11171
11344
51321
152302
4698
8624
124801
126789
1908
84364
388564
778
3912
51138
7170
6897
51207
1981
51046
29086
118427
5019
5604
54566
8506
309
9338
50650
84246
23616
51253
29103
6643
100131320
5905
11284
151194
811
29924
10907
55750
51428
4718
10569
83544
81563
64981
11095
4976
57110
7087
150726
10908
5250
79658
23074
154790
4061
95
8896
51560
4758
5413
1965
29953
51185
5901
5868
58477
533
6553
98
50
1974
22895
3329
100132923
146433
3131
9046
92856
1193
283219
5058
653784
801
23647
28976
54785
100505938
2026
26999
3036
654790
339965
79873
10476
2193
55967
148738
7319
10040
55726
9575
6697
2060
226
10424
29881
146279
3765
7529
5534
57524
5274
377047
4709
7012
11040
23760
5383
4145
100506538
27145
84988
9643
55294
5176
83933
1892
2554
286075
6327
24144
6616
10467
115024
56938
79917
9101
55450
57192
8209
51304
10005
255057
54958
274
5533
55290
400
100302236
84966
9940
7447
50801
285368
7531
57410
8061
83855
5223
51715
100287722
80331
27020
5702
79009
65997
26012
84440
84455
738
286187
55684
169026
442523
160418
50813
10286
10313
115201
51606
1389
54557
9577
154150
5899
10138
6834
80023
140767
9958
100132103
7070
339822
9455
171425
11141
5704
218
3884
100507034
527
55969
10290
25813
79751
10767
25874
55603
55850
146330
9796
90121
4713
8120
79752
4706
1195
3320
100128511
57030
51067
27069
53916
8802
10469
84971
114800
317762
4794
143162
79005
25876
805
4487
6817
8704
6611
80145
4722
1007
100302240
8444
64928
260434
54940
152789
5874
114984
54938
26610
83861
374875
245711
23237
154743
10584
55711
50717
25858
57102
256394
9266
2271
2953
11072
1327
284352
100506527
9519
478
84623
8538
5037
2354
55359
65977
401565
3705
51491
51728
170463
51393
7138
1032
27231
10808
9158
29887
91978
63941
131583
84222
130612
25804
5805
552900
7511
283237
4898
55256
10131
6171
4850
284355
51422
131408
10093
7360
6804
29080
5440
6543
10699
522
146712
79058
9025
408263
9181
51651
1737
9238
9399
26578
2557
441509
125988
4241
51277
83854
54883
2849
6861
114876
23229
727957
114769
29114
7857
8893
51390
5532
8867
83849
9677
55847
25837
11272
5475
83468
9553
1514
11142
51022
1337
513
140467
7095
333
81621
51538
84331
57455
64837
201514
23531
29801
10899
81706
339344
124402
6873
79412
100287628
26517
732253
7036
4190
677779
6835
283554
22941
401010
50511
5684
10550
23108
285600
51271
10576
7284
23518
10965
29993
4338
144423
1142
27289
696
59286
414328
376267
11151
5798
27347
7732
51454
284802
441094
3706
80347
10809
23138
387
4694
119437
5230
389161
4284
5036
51079
128240
2561
79886
8821
283209
388323
23416
10465
5026
10728
5822
256309
79798
3698
79142
157378
9917
55837
5579
128866
440934
4705
50488
399473
127687
1211
192683
396
126003
123036
881
11069
147798
91828
509
728113
51204
2831
83463
26519
145553
642987
285525
100170841
257240
6829
344901
9351
10939
26994
10815
51646
2199
246269
55270
55324
4745
50649
26289
4200
4697
9829
55323
682
27247
58512
2617
51569
2585
54849
401190
65008
122509
57595
57035
115704
1613
114134
9552
730098
126353
190
9900
84896
84083
1123
145814
3142
642968
5188
5867
2558
10488
439
9746
6919
196541
8976
23109
1020
79777
84279
342977
51382
1675
56624
64782
6857
5481
83445
51507
27344
51097
8522
5950
201229
100130958
4725
345275
6390
55572
1738
56849
51654
150275
57704
2547
4714
54968
64949
28986
79703
284184
131831
151531
56851
407738
79719
4711
4885
83699
84280
5744
10969
8733
10383
5195
381
9722
81608
4681
221016
4675
8050
3251
11152
8555
10211
127933
2566
57659
10528
64400
29902
5357
2902
22930
148423
285555
81559
10017
79035
283820
10248
8636
27183
8045
50840
5122
8428
148753
2170
5409
64089
8237
54980
790955
80006
6376
83480
23362
5910
23176
219771
84628
384
5687
79571
5593
65985
7008
11230
6810
64061
285051
3116
58478
9896
374454
10858
284013
27257
221424
728084
3822
55322
3759
51744
4312
55924
10574
286097
1959
92609
1509
28990
8270
6450
2319
404217
5443
715
51126
5699
9784
84954
56924
55699
9276
10539
4716
51451
27107
11154
9861
51170
92840
51329
2107
9666
25996
54386
10302
2039
4255
90522
81607
84769
7301
161725
6166
28988
10134
154288
814
57794
5095
100861402
60343
4726
26996
23673
10026
27349
23365
54602
374470
51231
54996
23376
2565
2739
201562
56917
51361
202500
1540
4837
84691
7341
9946
1739
6301
317649
81533
10654
3382
3101
55860
1778
160622
51134
5288
3780
445571
3337
112942
196446
2764
1272
22926
3303
5212
2294
440184
29100
2983
8382
8214
5743
3872
4900
9528
5537
64216
10961
25912
9510
8459
126321
10055
2972
161
64921
8001
8604
55176
10368
115557
146223
8287
23322
65084
51608
3241
1635
783
64651
7388
90956
23141
728730
7337
8825
955
7932
8437
9801
4738
409
286257
283165
10957
523
23024
324
55915
29988
2011
9409
541578
8533
100129464
150572
51062
553
10717
100527943
10300
84306
79622
25764
360200
7366
100129662
51187
116159
611
7480
5705
10799
23096
27123
79669
10376
84153
116541
10633
56164
5567
529
5608
10011
197259
11041
5126
60314
26095
55229
54432
3061
221491
4291
1174
79668
3612
9615
7335
6009
116085
51239
10975
462
3305
116369
352887
4715
153129
56941
100885850
150465
2597
85476
4809
653786
26090
64223
152100
53615
79095
79982
54946
4892
27124
64428
1496
29081
51005
84833
253782
79717
100128264
56923
92345
55065
9581
79041
3073
55863
84258
7518
30968
100505695
339231
9063
149345
9049
627
100873941
51309
56341
6742
27300
27338
9445
171568
81671
642
10525
1415
84100
23167
10114
122970
387694
116844
2043
134548
80097
8760
10268
84264
118924
10438
4342
85395
653689
51234
6812
23413
3035
92002
3981
741
84935
59340
374378
1129
100132272
84448
5368
1819
1159
27044
64130
23192
123624
5955
9253
51142
6511
11260
259197
84326
6712
4685
81579
51161
84261
6183
1152
11334
63910
9533
6827
51714
132160
440073
6618
1390
11059
26470
285596
339005
90411
1329
51397
8891
51362
80173
51368
222967
338557
166336
79090
25888
144097
7384
440894
9601
5243
5055
29985
54492
25979
57062
526
29106
1175
7673
832
55081
168544
29118
92283
55118
339168
115399
57460
1051
4580
23386
9453
81494
3336
348751
7220
100873747
5518
8666
2182
844
10943
375759
93082
25803
6150
729911
10016
54457
6619
885
51218
441168
3240
4942
57282
84312
113802
4717
4793
231
27238
55410
10814
23203
51727
127253
3945
85437
80758
27089
6710
25791
51649
221262
8774
1487
4724
55643
10056
26001
132864
8526
221302
145447
10417
51301
51028
2944
51150
64743
374882
57733
100463488
79666
89765
2157
10452
64965
83259
9867
26167
66008
57501
94056
27006
339977
3939
9344
80025
84128
1740
5528
2797
83988
100130771
137868
400710
10519
9104
100505636
51003
51341
147339
506
51082
57558
131474
51102
92344
80326
23017
284297
9762
100506869
23122
26231
23467
51650
200373
26262
57414
3139
56654
10125
1647
26260
8208
23641
27075
100128979
84779
79641
6447
81537
4702
26232
9377
2826
153527
143244
1653
10361
90843
7295
253559
51081
11346
10923
221395
83940
339804
50640
5605
83891
90990
3423
5437
2068
7738
7226
23541
84918
57731
83692
1209
79820
902
5664
7320
57092
3304
5306
285780
285613
767563
8576
160760
26031
51703
84174
4209
284424
481
55871
967
55862
401027
6310
84993
8402
9515
26045
7325
1558
60592
474343
55054
133308
11343
830
27111
2572
