23098
29072
89796
126298
9788
138050
23361
56252
29102
84464
55691
150290
113235
79573
283104
79786
403313
7571
129563
23174
353274
23023
27348
90957
27
153830
139285
57466
4140
81846
388796
9851
9862
57763
8573
55558
2802
55055
79595
7874
144983
9682
57494
80206
6904
10228
84547
8665
8603
100506963
29890
7290
53944
257397
84167
10625
56623
64601
23299
57680
728642
5884
8550
9203
9392
10528
57649
84172
23265
85369
9898
11078
149297
11180
473
162962
149986
10042
84255
6046
84132
390927
6294
57670
342909
79707
4684
7596
7552
7581
27065
23067
26354
10691
23168
55904
11282
388228
79673
23644
728661
7249
23394
54455
84775
171023
83607
6996
197021
84902
5802
23350
9757
26039
9886
23309
54870
91801
54874
338707
728130
54617
285598
6335
84196
8128
8621
79943
9810
374946
51111
6874
6601
9742
7267
647310
55833
57541
7204
80233
9112
1388
55663
146198
8816
8940
9729
27342
5980
1387
57693
10724
347273
79848
163
9793
411
79591
84645
27245
10297
9667
90060
29911
9603
5514
8943
79811
5373
3607
25930
23248
8924
2909
121274
55094
22941
100505696
11183
221527
57343
22955
54888
3897
23326
23082
317
256643
780776
55718
10147
54856
55362
65268
8148
10236
124045
55180
55720
2186
10142
116840
51166
8303
2890
140688
11108
27291
2801
84224
6249
23211
6908
9706
196385
170958
6621
65980
80271
7566
6597
51133
125972
9943
54910
7343
63977
9334
27097
7771
51306
57690
147804
55704
3550
140680
25800
11044
7511
100289635
23030
57719
65250
387104
51100
22982
388569
388567
7024
9906
23288
10129
79868
54764
23432
11091
55454
23054
157922
80314
1454
9467
7428
166793
375484
81875
80153
140612
100190938
8289
23157
146227
79230
5894
57585
2245
26058
9967
23057
79780
55743
54505
284406
54816
642
90233
60560
57459
375056
63893
10325
3609
23774
4799
23013
653308
5792
23505
10021
23384
9870
84678
79969
4838
57597
136051
9683
10664
3728
23508
653319
7589
1786
8312
3275
3192
23005
1627
148479
2241
440730
1995
6924
11100
9702
80198
8527
23608
84726
58500
55622
64062
7507
23241
374900
57533
23506
10199
653121
7567
9611
9736
22916
64145
84946
8690
80222
7539
26986
57038
9873
79173
2889
64789
8609
10168
51455
51520
375607
2972
9775
80184
21
284004
65059
2521
54542
80169
23499
23234
79184
51343
57178
54993
152002
28511
22880
57727
9889
26190
2121
5987
729288
317781
84450
10602
65124
80196
91746
1809
23522
49855
8859
25853
57502
64324
9100
7216
3954
10523
374928
80818
54841
9869
9985
128977
57805
4135
57492
9649
138429
9987
6838
10658
375790
11266
116225
11083
55798
63979
9785
80224
6666
54468
9578
4848
5253
9688
221184
1612
9759
55249
79071
92675
57498
7468
155054
10160
10505
79813
8313
8761
84976
60312
1398
375323
23139
55596
83732
23177
7554
10906
9733
54328
113763
342926
25799
2130
81856
1859
51291
64895
221504
56896
5496
1479
23598
80790
140710
57715
284443
7536
1655
51466
9221
26040
23660
171177
64375
54487
7461
100288346
80108
23253
51230
23543
9416
55810
3149
11333
2800
84102
56478
54883
79863
23332
56965
27039
201255
6940
121642
91603
117246
7275
54862
89970
339665
57489
421
3187
55677
57182
55192
6709
55680
55193
9880
1781
11128
147929
22981
114609
54467
26276
29959
23060
56145
65260
83892
10020
342527
114784
56142
84771
9933
56147
26122
3181
84455
4524
56146
23217
22992
9470
84937
56144
339400
54207
7248
91694
23028
9141
23220
7158
80335
10243
25792
123169
23617
79829
283489
9672
3189
28981
6594
57486
9752
50809
84449
54020
607
9958
23339
65108
54497
85377
11198
56141
670
57583
56137
22984
56135
284018
23
1453
41
2767
4335
51031
23318
64219
55220
55814
9618
25809
23443
1445
253143
9343
56140
57661
11137
23284
22938
56139
493812
9662
54906
7410
81928
317761
23247
9019
388152
56134
11158
148103
7693
124930
22835
6654
23567
100507071
79668
7270
6871
9698
91151
55715
1140
9371
6421
3054
23380
149175
89853
55917
9441
4849
27336
56136
84503
10652
84501
63035
54790
550112
56138
24146
23085
11073
10992
144717
2906
91833
9325
55763
57701
5042
4152
23080
90379
546
56143
339230
55238
9858
79034
56886
339559
728116
401074
84629
8897
1400
81831
140700
54926
90321
998
84126
9231
6749
11011
7469
9831
285676
51477
152518
3658
79139
286128
10893
79867
8455
1949
10892
10180
23613
84461
55775
7625
54470
200895
5048
1143
404093
10079
170506
200765
5431
8449
57473
7587
84140
774
7750
55888
7988
2534
1840
80714
8844
127544
26043
55027
84033
9443
8999
8672
27436
8454
92017
23210
147040
166815
84162
126792
9567
142684
4482
1954
8883
90317
10428
51447
23046
10956
5546
90324
1778
79939
54869
25998
54904
55239
92691
25917
8874
9989
79876
5989
26057
22934
727851
89845
146540
5598
23383
5210
148156
25766
51585
55100
93109
339287
192670
84164
7637
7155
55698
23163
23534
9797
641339
493911
9118
7317
100506544
25888
57707
84247
23192
23759
63826
23152
81857
287
27153
115703
23240
7483
144233
23091
9701
51260
79753
5780
6311
9113
338651
57479
22846
9569
54756
5770
10765
145483
10869
10771
8480
56975
6452
57657
7862
7753
55275
100506063
259282
57547
7280
2618
23272
57130
5900
55565
5569
148254
30827
64943
2312
54952
56061
84517
145581
23276
7727
58497
50512
11129
51684
10166
55184
54751
283106
51244
55269
23426
1982
114788
10498
51155
116447
83693
130026
440021
7174
10623
8427
55285
729993
57570
11021
22887
8661
7701
11000
64857
494470
84131
29066
79796
55761
283742
1951
2968
10262
345462
9230
56652
9827
11269
4137
6477
78994
347733
56980
222194
23140
27013
2917
10446
80128
5988
23476
288
6715
160857
55421
24144
26286
5819
96764
55628
9739
284058
6829
6598
57157
170954
8729
2530
4691
64864
26259
83759
7994
7726
79862
10500
114786
4649
4301
55690
114879
9663
23185
54620
60626
51251
57555
80204
55057
64326
4904
56946
22832
2976
25820
51530
64598
2517
8498
25948
2868
54881
7592
54920
9836
84705
283876
59269
605
24148
256051
4899
126917
284309
5469
11338
23002
55152
10752
9730
64110
55343
153733
91782
90835
1911
55689
84790
23126
3184
79888
143282
150368
79631
317648
85451
60672
79654
50515
114932
23523
54956
8019
100887750
84861
5287
57647
7746
23636
8880
55508
5361
92806
57522
23160
8396
440957
55035
2888
11052
9901
6328
163051
57109
5917
7621
11335
984
84530
6018
10659
10844
158358
10408
55339
84660
6674
55512
3308
26160
8239
124245
1457
5891
1729
221656
376940
100128398
349075
9135
93973
9711
4858
22985
55114
1463
10885
9266
26086
9832
170960
2334
26149
100529144
353174
81566
55770
92595
197358
7569
8021
6497
7150
23450
147808
100873935
54477
161835
9448
3178
29960
11132
9422
79158
100653515
54521
10861
23064
55006
255758
79706
284695
5340
5926
10522
23544
1641
26750
64582
54825
55064
22828
58486
6634
10038
7841
79188
55813
6714
24149
57716
5664
55110
3455
9747
84968
5198
26272
5356
6942
440515
25904
79029
4676
284565
7077
387856
51678
90668
161
25897
25831
115196
4670
4356
60684
9453
11062
222229
8505
9704
7633
92979
100631378
151525
64478
5800
80778
23411
57448
92181
55728
50804
27332
23135
10336
81543
10919
5296
283731
27252
54660
387712
137964
29781
1589
57567
7436
55236
207
10238
344558
9879
1943
284677
57325
11279
494115
148268
65243
57584
283149
56244
84656
79643
130074
100507217
4850
285590
823
9440
55668
9201
1660
4756
283385
7922
10210
1616
51193
3738
8310
160287
841
80381
140831
8882
7644
24145
84307
121512
10454
55747
22983
84717
7189
2073
7371
29882
10746
5635
220441
157773
6429
7768
51808
9925
286410
114787
64763
9208
65986
81693
135295
47
118881
55219
9466
79892
56995
115548
23708
29115
23405
83448
85464
23560
85440
9859
56833
107
282890
8220
23329
6752
79728
9329
65249
10579
133746
353355
30000
23071
57574
22858
54915
149420
2941
27042
2673
92170
653483
7991
5256
26167
5447
10657
9110
9379
2776
55341
9310
80304
729857
9179
146050
100170229
57662
5789
342979
23637
9278
80351
11189
65244
26050
23178
5211
23295
54969
4216
56098
84970
254122
284339
28982
339965
124401
169981
127829
10494
3157
80256
57482
9646
79364
10421
51294
23026
55577
100506321
54898
4047
23095
27292
1857
51602
23042
57655
100130274
51441
10023
8805
83889
57224
215
2033
24140
414918
7916
92283
2782
3182
147949
57703
1740
83637
5316
8451
11325
2058
1503
3614
90874
129831
23264
124
54700
3714
79893
10124
164091
64708
79646
164
51274
65123
51317
85456
6780
4613
57827
9447
643836
8445
54962
55731
3927
10013
90678
7673
23313
10940
64425
9061
7182
55127
100874212
54974
79948
8187
55669
10948
3622
64848
91975
5226
56916
9948
8175
25814
441191
6433
29092
9675
29799
7965
93624
5108
57536
29966
10137
267002
100101267
5783
100861510
23589
9972
79703
147007
22838
4325
54799
58525
5898
374899
401303
26108
7156
666
64207
56342
84986
8732
83548
54623
283194
91574
7014
9508
8241
8642
114801
387509
55209
2733
57611
9811
51478
57507
3717
7755
100286925
54331
692312
54619
23043
7582
59348
402665
1002
1153
6434
150291
414764
541565
7415
31
27043
255027
26164
432
55262
57451
126375
55646
26504
220359
79869
57591
643
22919
79570
120227
23623
8872
79864
1525
255812
23352
54994
388327
124997
9939
10557
30836
9589
219527
137886
22994
65012
55625
581
130940
10201
3796
23347
4221
80267
5610
84924
151507
9500
23406
85455
54413
81706
5991
26121
91442
64434
392617
57787
26751
84206
8831
89781
10518
4086
79572
65057
204962
10938
57673
400506
202243
285671
81847
4131
284114
30832
221092
7917
2116
149076
80095
388536
152992
10585
79677
4238
54989
23301
10762
81551
205717
84939
100506660
5930
171017
3508
10072
139411
57569
197407
284371
6419
352954
54627
5576
147687
51631
23435
64410
80018
646892
441027
693206
23379
284069
6397
57335
339175
9820
285074
9128
3831
10216
10847
6567
90075
56254
340533
9378
51773
29123
64386
4839
84467
256987
23515
51385
2781
440078
29942
8462
57593
3096
55665
56126
126374
27092
6925
58489
158431
1981
266727
203238
4297
25980
203245
89797
38
9919
55777
155006
23592
25909
79891
196403
3667
4300
60492
78990
222950
54549
11231
6585
728741
113540
51399
347454
57794
79998
22944
130557
79441
60680
83449
84456
1743
5936
4925
26960
29889
4023
8563
10427
1009
6167
84289
7840
553158
51412
126231
5313
7705
8120
388931
168620
8900
84146
9856
56413
29118
64760
80164
9439
56130
221496
10570
26528
51018
55654
10056
2962
64282
8224
57722
79057
29766
10785
10845
23097
147658
80728
149095
91664
165324
26575
5550
8499
9935
8663
399881
55210
3704
23473
79746
1263
8706
8568
23317
57037
80317
57761
23287
253980
23469
6636
705
100652846
25885
10682
387647
65267
54752
80067
85460
503542
442578
7789
3631
4923
317662
9669
284361
2671
27328
119
57645
22869
988
55591
5782
9726
10052
2771
23214
54674
80727
7703
22834
25851
23331
148137
9786
3675
57187
27125
9920
7013
25926
55717
23564
83450
23367
84545
4249
284338
340578
200424
3156
401207
284306
8439
128854
29998
90362
23503
26256
3964
6455
2072
3298
1107
10381
22820
60
57510
56850
25794
51720
57623
91404
100287765
100129060
1687
8570
22894
284702
1741
55661
9860
55521
81619
163049
57050
23151
81577
8111
5585
7429
10621
148413
79882
55633
25827
23149
10734
8731
653635
283358
57617
10299
55667
116211
253725
25836
60493
100507171
27032
51421
51209
113802
25983
8295
100302183
9465
10565
22902
126567
10902
9678
7761
53349
23186
51759
222255
84058
10111
2194
55083
23327
5565
7464
90204
79701
91893
11250
22893
154075
29896
115509
8379
338
64146
100506990
23269
9373
54753
10465
84671
65220
84553
151473
79414
126299
23322
85406
6830
55190
400692
23603
374654
205147
10229
7549
5881
60682
10235
5036
65110
83592
79842
134266
7175
51603
115560
3720
7626
5709
55196
775
10493
6547
221037
9162
79818
1008
65055
5717
11201
221937
1663
150864
57717
2932
81890
6146
23037
27156
220992
84874
10560
55342
6789
8888
7556
55132
2583
58491
100289678
5599
6418
134353
6091
2281
4247
112752
8607
4628
23170
55181
143689
10208
56105
81029
92105
157697
1677
23304
2901
7691
10025
8518
114299
285352
7553
29933
726
9150
57599
100507053
387849
51309
23198
26115
388552
5523
400986
57606
199786
92335
441369
112936
57679
8440
55013
100287482
8200
55520
7846
51366
80816
2798
283860
8193
58506
23049
80228
342357
80731
10961
23528
374879
6873
286527
2935
11094
23094
23122
7762
89846
26017
