59342
81790
100287896
549
151393
51119
84698
100129973
51247
139341
55753
10302
100506365
125113
140597
6990
729515
400
91612
310
27109
258010
25801
6728
401152
7163
90624
8930
262
79145
64756
116461
56271
23408
84064
5037
55246
85012
132321
130752
22927
51406
253039
27248
5876
3419
11041
23479
100125556
55786
23420
57380
55297
90121
123775
200132
54940
644873
55179
5705
100505616
54103
8555
54942
256714
55173
81602
90634
492311
55270
54414
7172
339005
10233
51290
100131067
25901
3434
123688
140691
27122
51227
51126
23492
63932
51573
257044
100631383
548596
147463
7507
57213
6884
1389
80333
5621
51103
97
25821
29078
56906
100505687
340543
54981
54865
100874173
439921
54458
266812
64400
112937
57095
100287497
6647
51389
2029
8228
158931
151194
7095
51513
55425
23582
27244
4338
6430
388962
6770
9166
4261
399697
348801
64061
89801
79752
10284
4599
100505876
117145
10553
28512
11112
348751
631
6741
84869
11019
29780
65982
1353
311
9481
55008
653129
56521
1193
79609
347736
122553
123207
27020
256586
1022
1983
286042
10384
7168
51319
1073
51076
51759
29965
8418
3834
27069
11193
386597
54793
378805
51567
163255
81873
10476
284802
5889
22908
7265
123016
25953
120526
221303
64965
55972
55466
219539
159090
125
6616
98
54826
146206
257415
55177
100506990
388610
79154
56853
10294
7093
286499
8803
51382
11154
100303755
55815
64343
23710
6440
100131060
1604
84319
1974
84572
79576
27430
51635
80705
10739
28955
10133
10550
51174
57821
51606
79921
171220
4154
10815
10039
53343
79608
2272
27101
26232
155370
80219
10069
79177
26127
52
7905
378884
284348
100128385
5604
7941
6447
4253
29079
23780
400745
4809
529
260293
134218
9643
4129
8674
29058
2157
7360
8813
123811
126272
6557
138046
26268
100129518
144195
286333
93621
7754
3251
23205
255275
317649
54806
9270
83854
5879
29074
7325
730102
3361
55788
221443
257396
100128264
78987
282991
59339
79925
85437
60487
127253
56947
4179
134147
10621
79017
54902
10569
481
8987
9796
152100
100507582
9211
5382
100127983
140809
55863
440862
29982
100506746
9604
57092
8548
100189589
51300
9127
192668
84542
59084
79365
26515
8611
221002
60370
9699
10040
100129858
285141
28966
5481
63931
440574
8926
83719
253982
81689
5303
5468
124817
2983
11147
55204
80273
25972
389840
6638
27175
55337
55207
84981
339804
126823
112609
127262
154442
9331
84217
79038
94056
6327
7008
54749
56260
307
80227
8382
2571
94101
201475
57142
100506538
124808
64168
84277
83787
10159
9541
283927
51646
85452
4190
79015
51022
29887
4958
51626
221294
3139
81894
10529
1649
161582
26297
554235
770
728730
22901
400916
8996
728431
5701
340562
256309
144321
81034
11034
122773
84866
56945
50717
54742
599
169841
91543
51286
692099
10231
54065
285533
131474
79991
27351
114796
155368
4709
342865
831
26578
27018
9016
148641
4711
56683
399821
7555
84918
29087
64112
7336
8634
144448
2992
151556
6606
79993
55629
79161
55847
7381
83699
1514
2185
158293
64208
55907
90025
51341
154197
25994
150763
221545
26090
6817
118924
340529
100287428
55588
5264
80145
8869
112942
56940
440498
55634
10388
6697
54982
645121
419
2277
8560
34
57559
10309
157556
81631
989
6049
85459
91149
404201
400566
91298
4168
1977
386617
29922
10562
55840
5110
401251
9694
10888
4942
23242
27010
23491
729966
100506233
9677
200810
84284
3290
25874
729234
10390
29126
254170
79815
5530
8050
5867
27131
23558
2039
9352
339344
2230
79020
51170
148898
10732
10673
80212
221336
54456
84796
51095
54205
55664
54033
387486
79785
80013
64149
10102
54463
55744
26355
6622
330
54962
641372
51329
388182
4694
522
9308
144608
55352
84448
166348
687
10240
221154
9762
414241
51020
401253
3628
9874
51085
246330
55258
642987
29789
5414
340547
93611
10150
5510
966
84265
6775
493753
27341
8195
22861
80349
55831
256815
51655
29902
60485
650655
84864
55163
283507
220
898
92259
4199
128866
100128811
51566
10767
23410
23461
291
131118
64147
84100
26051
896
64122
375190
402
4528
10920
80235
51204
10669
55061
3612
79101
2287
2805
51097
387644
6009
90113
10216
548644
79132
9802
57659
9630
55859
286187
6988
64422
55245
222865
140458
9338
1580
148741
83875
54840
56341
55973
7416
4258
66035
27165
7103
285830
221400
8566
26353
5321
27000
4801
8624
130749
64940
56
115677
955
54534
347
339487
388121
79719
114932
2554
644596
9903
54386
79810
340156
55854
64432
25996
10638
29092
3115
9553
51507
567
8928
388789
6727
4116
6921
169436
11170
6620
388650
9351
9104
1429
377677
29110
84940
4717
778
100507242
127495
143098
84909
151313
83850
92912
285095
10402
5538
126433
55323
1522
388403
10987
8976
200373
55862
283130
5746
147746
3320
51292
84254
642394
2622
4354
55328
84964
56267
59271
100288181
3775
728875
7266
677805
6997
51660
28972
1586
8774
6500
389668
10617
84549
7447
84897
58473
57798
55080
3300
55063
116349
11080
5053
5590
8514
285601
84938
22891
100147744
100507387
6623
83943
1345
51527
85865
151525
10346
9487
25956
6119
728621
90843
79955
283089
145814
55090
29101
220965
23176
100506713
9364
168537
6120
79086
55041
373509
374659
210
8848
4698
729156
51727
805
643394
11092
140707
3489
9861
445577
6854
642946
57099
114876
100505881
2289
65009
55267
283038
23676
64288
7125
3135
7070
51234
65981
64108
1774
3029
4675
90639
118672
4729
100037417
10471
345757
347517
766
8558
7388
6844
84293
8544
100506495
11146
343990
729857
79672
25912
11275
79833
22949
25803
10933
56849
51517
64135
445
5534
158062
54585
8743
93099
80762
3
122046
5162
3134
51522
64431
2739
221016
93974
28978
84684
55620
83888
343263
10901
79844
100506368
4287
3945
283985
84693
113230
56477
10063
196394
25880
57552
51075
10692
6103
54965
79624
51131
84856
7257
4738
25797
5440
56922
677822
26872
10440
151126
7288
51390
51642
92565
90693
51371
9913
8562
145567
374882
51010
9521
133491
199857
56648
10424
1652
2730
58511
55199
29103
10651
9445
254531
220115
25940
132851
3354
123263
7102
253152
113451
11010
26146
100874158
5019
29081
84987
56942
5698
51807
131076
90990
9884
57644
27163
51728
8678
27111
80006
1410
3163
93426
115209
692072
165679
3131
54681
340542
254050
54986
51258
6627
9275
9217
51023
54059
81033
64802
88455
399818
653140
9801
54987
26287
162517
94009
22924
51110
7504
9172
145748
2948
374860
55335
84418
401494
56851
132789
23338
57512
801
84246
346171
54885
100132677
84333
54988
53938
729059
90141
5300
9406
51714
57150
11315
81892
574036
440073
401097
342667
51318
8622
84457
10230
7390
100526772
89866
259236
64417
5283
767563
29082
645974
2634
10286
199746
6285
9528
664
51200
7165
134492
4946
5595
57231
4674
10955
306
7979
8821
128240
9572
3798
440279
10555
51141
3661
283848
160760
84240
100506428
84340
9053
26289
6843
51185
11033
51188
9550
54948
55967
134510
494513
51440
400073
285315
2635
4731
5464
79717
29114
11126
158471
122525
10134
222234
51397
123722
128387
10200
64801
51250
6392
5899
56675
134145
53342
140739
7503
439990
59343
79982
100874207
55081
1845
10447
518
55869
4714
1160
55259
4702
6834
9512
79589
4835
54557
493861
79582
10737
573
84707
10775
348840
5230
6875
51069
10738
153222
6271
5092
27094
256227
201283
284422
26995
412
64773
6456
83658
503693
1346
1123
9783
134701
131965
55284
203102
497258
60592
9446
4673
203190
24139
140885
100287314
29907
563
5522
685
54602
622
23111
3760
219402
2537
10600
51550
85001
155051
5601
1051
2952
94274
246721
5274
956
27068
135112
55871
261729
6927
10379
127943
1666
3382
83636
84314
6451
10361
5684
113622
7341
2566
654320
57562
27347
1364
5710
1259
22806
3336
29970
129607
1476
414328
55529
10289
147968
8504
100128675
9311
8539
11272
100505636
93979
85015
57134
5450
195814
4283
26994
170679
150379
26112
641977
389073
100506465
221143
90701
318
4697
29920
10349
389023
10632
387357
286097
7533
2633
85358
84298
80737
5650
6772
64393
51172
148413
51175
5718
4974
254013
22921
119032
100505385
56899
9532
54997
8226
80298
254128
10330
59338
2966
23457
301
54737
90637
80759
51218
285368
51668
9341
9242
4793
5979
57468
5191
100132891
25830
167838
387923
83941
10924
2203
3892
23017
163688
55052
53828
8717
140767
117155
4155
11045
1571
55900
11171
2944
9911
51124
6324
145873
51533
11345
55015
5646
51024
5805
7139
51601
84816
168391
3858
283871
164684
152206
79957
80148
9637
9185
9970
84690
84926
100134938
11059
133383
285780
10247
10188
340348
199974
2592
9474
116362
326
5824
163732
2743
9204
9823
79622
10671
10966
610
8738
100287482
874
1647
127700
79104
653333
1412
10953
2965
1486
406
4725
5860
10003
59350
5706
57531
22875
23671
29993
570
400591
22824
51257
285150
729967
160851
9665
152742
10980
9825
81025
3119
137872
259173
4331
79696
55450
84803
63939
1739
100128239
5554
11140
10726
64506
317671
6457
51725
730094
6450
7062
9709
3313
9499
27246
7439
3889
10410
91057
7392
7378
440482
55062
414332
3036
158800
139728
55153
90736
11235
57184
150248
51209
81853
9488
10026
441108
254778
9556
6742
222698
89885
400761
716
51149
51652
58472
26471
222008
619208
80318
145447
401505
83605
1678
2791
10900
51102
51510
285367
253724
57452
84520
284252
55856
79740
7957
4634
144363
10279
644538
126075
2135
57172
201229
9581
131616
285175
2926
3423
55303
722
5026
253314
283796
50813
9478
4938
55150
11187
3106
401478
64240
63908
11334
6330
4493
54842
4905
526
65992
127733
53822
64130
9840
10211
8404
55228
129049
100506668
124923
65018
55585
65005
53917
23770
64897
9111
404636
10910
26056
8564
534
10120
7409
283635
57447
79846
653857
55742
9976
3437
7433
150209
80323
729991
153527
10944
5149
56311
2893
100499183
151258
643923
440400
1329
118663
4217
79135
10542
5955
10345
6284
100302401
644019
1145
51373
51669
148534
51226
4706
8497
91369
79590
90529
56172
83940
11346
80321
246184
117154
5993
6778
785
220074
2246
283078
3787
10947
79180
1609
3718
84722
9120
163126
6612
7320
285889
1854
51019
1327
440270
7084
23305
2110
10776
3984
9519
115557
56911
56666
84701
654342
84992
4708
2631
25950
441061
100287932
26973
51003
27247
137492
51106
10907
171568
93081
167359
644168
3783
64118
1121
64080
84871
9403
255022
51622
11168
51650
51128
4302
285266
10043
51504
400236
51751
148979
5494
6390
1838
23336
2954
9377
10398
29080
284161
29090
3268
3140
729920
226
100507475
54332
222967
9751
100289650
7706
23568
10458
100507466
92421
56650
100506714
54543
4715
25847
222166
79698
10974
166929
23092
6441
50618
100505695
3669
27106
146330
8932
387804
55012
3939
474343
9482
5624
131870
23787
93649
83891
79814
125150
5001
100506518
11259
89848
147658
402778
150678
196541
112812
58485
401303
89766
285381
84224
57804
4712
23259
84699
4718
51569
150590
388753
84233
3081
527
130355
83478
121793
644248
84142
126393
54951
892
135114
6835
57185
7480
114926
1508
242
3700
79885
129531
203111
3123
284424
25966
84174
100128252
643160
388649
91942
11118
55861
54968
22936
58504
50808
375757
60491
64077
119504
6277
6247
375775
51299
51574
2495
8576
5291
5071
1807
9167
51335
255119
285613
100188893
6999
56986
6717
7779
50649
728081
285550
5571
51538
54843
331
339123
25949
84062
29796
444
352954
6880
6374
195827
23125
8724
29093
100874114
54969
50
728084
10686
6785
53340
55109
6342
27095
57035
3752
10326
30819
239
7259
1349
404672
140609
10969
440145
81627
6767
100289509
5393
79000
90203
6000
79873
80777
11001
51528
400759
51001
4726
1176
4061
4435
253868
541471
51263
54677
10083
4824
10749
26032
100506791
2709
129852
51666
54187
145757
84312
27257
29964
57226
119710
152831
25978
1159
4696
161502
7884
143879
79035
3958
51699
64771
7262
55684
10935
196294
10753
338817
8581
55812
84833
1964
132
8073
55827
55617
339529
51084
1759
51081
63877
8395
528
36
55074
5516
55572
147179
7376
398
56255
80833
79085
339874
9922
521
100506881
4604
497661
2769
54212
10209
7043
730098
646329
84681
387890
55471
84696
5573
125476
10841
120379
387990
8291
1428
113452
401535
401232
1583
10282
3937
79884
55687
152098
23167
23207
202051
3429
79689
553103
10654
51125
78988
55212
146439
59286
9551
284486
55182
345557
10650
1816
9317
253190
7421
4701
79745
8814
8938
285362
148808
347404
7220
4303
92106
22895
643246
100129128
767564
5920
51002
57732
3196
55005
51372
152015
374887
2745
355
317719
135154
79876
8537
100505938
25906
3887
339789
1347
63875
137735
57001
5950
9934
440894
10273
51673
7247
29098
146845
340152
4695
4201
55164
11342
8742
57665
51298
652972
5602
79946
9525
56950
5713
51264
129685
