5496
23028
9869
51230
661
1627
10238
10906
90957
64864
54874
6598
47
84450
80314
8607
23534
1973
653121
10949
347733
79891
55917
283106
55565
8880
80335
9219
7589
200765
56254
55622
22880
10664
23598
8882
11021
24148
57510
9682
9202
25800
23450
9730
2618
8480
54926
7551
5226
10765
55100
11124
1660
55193
92370
28511
26039
10623
64219
51594
9325
6780
93973
4841
203068
23481
400960
6873
23608
723972
1000
25853
6018
54497
5050
57623
1641
284309
550112
90874
22803
8816
5316
9925
51447
90317
9775
55729
4076
80304
5062
6749
26155
282890
4953
55341
83693
54974
170954
54808
7407
494115
5523
5094
5093
54454
54700
30832
9753
28969
84902
387032
9859
51386
57677
65251
9967
79862
9767
1454
80778
10363
55770
55677
9266
4140
2121
23543
57498
10885
23014
51155
25820
10657
1998
10168
9019
2047
10992
54993
65267
56129
7753
8454
9416
92105
55342
9100
112869
2941
22919
100526737
57335
145483
84273
71
10155
114132
5636
284338
7693
9315
2058
55668
148206
79892
5936
11128
23036
4927
147947
79731
3608
221656
3735
11269
8665
25809
25896
85440
57332
7203
79805
7917
3609
8776
170958
2733
123169
10427
23636
79845
7520
1781
29843
50809
2149
26122
65244
9113
1457
55506
152002
27042
7415
5194
643836
79631
162967
10381
8805
4848
7155
8220
5042
1809
11198
83759
25942
7552
22978
9632
81545
9943
440926
8315
57599
91975
1938
3182
387104
5832
401010
3187
51441
7812
283518
10691
3837
8508
79034
705
5531
100505678
342538
64326
201161
93474
53944
91
58500
22872
51177
57533
4670
93594
121274
221527
63892
3615
7569
3485
3321
9960
84085
8761
23589
642
150864
91664
29102
27030
5082
55740
89970
25904
7565
133619
57472
3276
79863
11137
56124
7576
4686
10236
4684
10626
1642
83695
57144
57343
55269
81566
6950
55379
56126
55759
2521
23279
23660
382
151230
55339
5717
29104
328
9567
2241
64207
9788
1859
161424
7270
64430
55906
4783
10574
85460
222696
92181
57611
51035
8573
54816
343702
23564
6461
55421
6597
54952
5431
55180
84516
92675
81606
2091
9793
11279
54904
56133
7158
79670
2132
126299
5469
10274
11011
23008
8125
6477
1398
6993
7771
23432
64425
139324
55703
91151
51111
163059
148103
9191
3417
7772
54934
6714
60
57116
7150
132299
5859
54778
25962
2673
55734
8658
8861
22984
23451
126375
8187
7637
347252
9879
22835
5253
3091
23603
54834
2178
152006
23708
267004
10951
56916
9729
4356
1400
54881
7625
1659
27297
7994
7541
8462
7922
143187
1982
26574
11100
1665
114885
9343
8664
284406
10956
51710
121642
8175
2962
353274
7571
79570
27065
79068
29107
79796
25917
85019
26986
55578
2130
100170229
9126
25814
6877
95681
402665
79591
9410
3191
55219
51497
80196
51720
55613
154810
347273
57109
2073
9860
7745
26286
400955
55250
51617
5557
54468
5546
27342
51755
90362
55709
90233
10625
78997
84513
471
84328
55582
388730
57470
9657
57693
11180
60312
22916
23560
3621
23244
84838
6731
92691
6092
7329
4089
25850
2956
51098
65260
7770
7982
414919
90594
122011
1655
63894
196528
83732
23332
7582
51773
8667
80153
3796
5810
92
91746
10206
55068
10399
126069
8019
7251
9061
114821
59353
8405
55696
4613
129790
148254
149420
149986
1478
9246
65108
54799
2773
10971
6664
23705
58486
207
1161
2547
81796
117246
645455
147694
607
9188
51163
11094
11266
166785
11338
84503
9467
79872
22948
57482
3298
24145
10946
7712
23426
7539
55813
26472
10970
7596
147657
23019
29890
9733
9618
10408
60686
388327
5894
25926
23262
9873
6659
1915
79969
8846
51283
1725
162962
1978
8668
3275
29889
57117
26017
6671
22869
10594
1138
8661
55720
5709
9277
9742
1656
1650
56061
6419
147007
54470
29934
147923
3927
9128
4521
440093
10802
401491
23168
27436
7773
57216
124944
57606
58491
55958
54870
27291
23042
26528
5695
9668
81856
56121
93436
57182
85369
4666
54660
81543
113174
7174
140612
54756
3843
4800
90321
9031
8427
6683
6832
1788
23020
55762
54623
54555
91283
9136
9969
374969
6944
6601
23774
6223
59348
6175
253639
6924
7846
55140
91392
94120
7690
100505696
116115
1979
27241
5585
80313
221914
1459
400720
57541
23234
22911
8440
23473
80818
647310
1975
7267
5599
6294
11276
283489
84725
202052
57643
4799
126382
9831
55659
55626
8703
57680
55975
26168
91404
9852
80185
7581
3185
51164
23165
6829
9939
81931
6167
26121
4931
79078
7564
23246
254065
155061
9785
83541
4300
54539
8464
4610
10694
10919
147166
54811
5036
100130855
5780
283991
56658
10902
9646
100288346
23059
84271
255928
55743
79648
23210
23625
84553
84775
55964
22828
3149
79656
54848
51021
26148
83955
7746
80095
27316
5087
93134
26354
90007
54901
63035
83696
2188
114932
6146
84881
5927
115560
339559
192670
751071
9716
8609
64858
27252
5198
63899
9631
8161
10137
6122
152579
6134
26043
91782
54910
197407
1503
26097
55628
60678
7775
80205
10983
317
84078
137886
3066
55181
64860
10963
22894
59345
10409
9726
9678
4904
7748
51054
27013
91661
139599
8563
4795
6908
1994
199692
8715
26277
90333
55756
374879
8417
51182
152518
9470
85508
57486
84320
6732
868
55832
11321
9440
220992
222194
64410
54823
51291
26053
5608
10208
57688
23076
54807
55776
10520
3308
7403
8289
23394
85364
57624
64789
7073
10111
6228
11013
9448
91272
51412
399881
56128
7789
10327
81846
100507171
25902
80204
8243
84552
9898
988
6187
8193
64895
57337
55681
51455
100127974
8241
2782
284058
8690
219541
148268
57670
253782
9213
2539
55746
79173
79048
55103
23248
10121
100289635
152992
9589
51385
3189
24140
89890
162963
3476
84295
26985
56985
254225
10713
835
64844
2045
100506963
51324
54331
23469
50628
79613
6143
1407
132946
29896
79840
51244
23132
10962
23178
57631
55135
7919
9184
55031
7707
53335
10072
54734
388695
51545
140460
55094
6125
54841
91875
79084
121512
4691
25839
10534
2935
1108
23301
29966
57037
1687
7536
25855
55755
11331
50512
222484
84932
57805
6599
139285
9462
342926
1968
148479
84678
342357
80110
10540
84146
9015
79142
8301
56980
7371
125972
8445
55591
83480
145783
1385
4236
6811
643749
60682
3550
9972
5202
3159
58497
55888
6124
23030
280655
6421
83548
9698
54439
91801
55006
5529
1434
6130
950
359948
6605
23326
54584
339416
7750
9569
51147
170506
60684
126017
7703
147929
100533496
84138
2290
284069
4736
29967
23521
5802
57187
8971
10419
9836
11214
5550
51193
9950
57707
2835
9841
7716
80264
1315
151295
54880
339324
25822
51729
7756
84268
166793
285676
84620
23347
2969
2589
51690
100861402
1431
7710
57146
284900
6396
9373
11218
55602
2844
6100
11073
9747
9702
6188
23063
347344
23228
9738
286527
5576
10262
11191
100130219
10916
5598
120227
9520
11232
4609
23327
65999
8545
55093
6942
6879
51614
2192
51101
2222
6432
3658
8453
4899
7391
10575
55218
22
222662
605
54505
6624
23107
90338
23519
79877
23411
84872
53918
56125
9125
27044
56252
56886
4087
738
9057
55251
91893
8554
340533
6185
57621
388228
9337
6666
2245
8527
55167
100506679
23406
79269
23511
5800
10371
8726
5597
55937
23198
1716
284370
3921
90379
80381
90987
128854
57570
51780
10988
29919
401588
26984
100287944
54886
23435
57544
55702
2044
594840
79948
728658
56259
440915
27141
155382
7086
8833
58513
6191
1645
55728
166815
581
1525
1072
7702
1937
10084
4086
3192
23002
10869
6636
80345
79573
2556
114659
53407
26040
55634
1355
257019
2176
55055
342909
79029
93654
8603
7343
376940
127829
55216
7556
80312
49855
79595
9990
1600
6181
5356
90649
6141
8577
23380
9675
908
114825
84622
57171
1488
56123
23617
56965
5926
83985
29766
164
3021
80155
51520
11333
3005
50804
5591
54665
60560
5533
65980
5708
2035
9468
23085
8891
9181
79898
84547
23160
23522
55609
91833
9810
9240
221786
4898
7326
54927
283254
157807
5152
7284
58490
26098
7311
196513
4345
162239
25836
56903
3842
65109
23060
85464
9933
11104
6158
23567
29105
7110
65055
11062
80742
9774
51340
79077
55035
90353
7699
8731
9112
23287
100287015
55454
10212
64601
22934
10825
7728
221302
23091
1911
81562
10576
65243
57574
51366
10172
8086
84948
83641
23054
10773
3925
375484
494470
1107
81577
84811
374900
56893
10389
57209
84306
7374
3068
79692
80232
10643
6888
149076
60468
9989
10478
25885
10813
23233
57695
96764
57547
284565
339175
57587
23613
64598
51057
9712
163049
23637
56946
7766
8409
81551
9044
7375
54542
26960
57459
8128
29072
152137
10096
115353
65986
90485
158866
79871
50515
10432
6626
64763
1487
23039
7554
53635
79759
6746
56652
2146
152687
23170
51637
79441
84206
1630
64750
51530
3840
401884
155006
6161
26009
83744
6205
29094
10277
54619
9312
112936
55904
56949
374786
51031
9486
63926
440957
51309
7410
10492
23635
84172
55596
57161
3897
5929
9820
9968
23224
23097
8732
81550
126070
80816
80317
5928
4850
689
90390
8642
51430
26005
5648
83448
6405
79869
65249
5707
84186
84792
160518
115509
140461
25879
57162
57647
79596
6602
56896
55761
4802
58499
55205
27346
30851
7755
5935
7469
22818
8452
56474
10291
546
6193
6159
7862
8493
3480
143684
54733
171023
344787
9791
8683
26003
10682
7644
56624
53349
5738
7337
1951
10523
23023
55500
23126
10570
23283
79633
6217
57178
84311
22938
10421
10472
9724
7643
57223
57492
10527
84937
254394
54994
1445
22920
84167
27097
6670
1995
10844
84717
84140
157753
23173
9782
10989
4615
64172
84449
90441
25862
2553
9092
57186
6184
84790
1477
84548
388567
55521
8915
4150
6713
221687
80306
54813
28987
57717
8899
79446
8503
29978
10605
51202
6132
23141
10960
55239
3667
8570
79711
10672
4437
7840
26057
6156
147949
8202
100506343
23135
8925
6721
55660
58155
9923
9168
4753
84924
7014
100885850
6135
100505519
4781
1024
9878
27440
10797
7307
29893
55122
29915
56616
7695
51588
1616
201595
388272
6202
10336
1456
7633
1352
7579
4133
10978
79813
1948
4839
22820
10795
2009
23072
83591
150291
54663
84131
3184
11165
51534
9221
6940
65250
92369
2665
51317
7988
51692
285598
27249
85453
170959
10054
80254
9320
5108
89796
7574
636
2961
23231
81027
22843
10075
10961
26512
7709
28981
151507
64919
10794
51107
84461
79809
29940
55715
92815
9447
384
1421
93
10000
3183
51451
84437
100144602
84247
91603
9832
6210
1452
55257
4739
7511
9334
51132
4893
7752
79140
50485
145407
57038
1462
51684
4750
83939
128710
1936
57148
80308
8851
6137
5256
163
246243
57655
8192
7737
63979
51339
51548
1388
9170
9980
112858
29035
80034
9587
7692
552889
134266
79002
9110
125919
7673
6652
57691
91526
261726
140688
54529
1787
5479
7803
9786
10013
9889
387978
151742
10116
79894
6660
23080
55706
6418
65080
27107
10927
55558
10521
51742
440138
283194
100287765
222901
148213
498
57819
9875
1122
6426
8888
30834
221935
10644
202658
57122
10042
283337
23528
5589
22827
64324
414208
100129620
57522
29927
84248
10153
7568
93109
56929
221955
26086
51496
138474
153733
246175
90864
57645
151050
10299
23369
51192
83723
124245
166378
79042
157922
51526
23318
66000
7468
1800
148156
51661
4325
163050
401207
163051
25888
7296
9135
23329
4247
6147
22868
129831
54708
80823
57662
3190
3980
60412
7328
57474
7818
92014
657
27235
10228
3728
7114
3376
6045
1102
6207
23399
5447
8907
11231
2617
5770
81875
51493
23468
80010
5290
56132
55172
57494
91120
7046
9987
124925
388524
25844
3899
641339
10412
11075
256051
9162
84919
7678
8834
9555
4522
1387
5613
348801
4320
3692
9570
58527
4001
875
51592
6709
10210
9650
81539
26156
162655
55190
27153
54475
57727
1153
4301
26048
57703
253943
153241
26108
29997
8450
119
64746
63935
6128
30836
199731
8872
6048
51460
2098
8218
148266
256643
11022
222229
64769
6651
3992
3181
220988
55573
23065
221981
3028
197021
23240
10480
653483
93273
55070
6189
100885864
84197
5577
7570
57215
51295
8892
84530
84467
25983
283876
9685
55196
92017
51593
55278
84126
1857
132949
2072
1646
6996
401145
171017
63974
7405
115106
23214
6206
4858
7592
10477
148281
7321
10656
1460
55810
2567
283104
8780
6897
5987
51320
152756
254122
10716
51082
343069
3038
79673
170685
219537
6209
90324
3516
5564
57862
8379
6576
25
129563
9306
11083
6142
169981
80339
10940
285513
126526
4238
10845
345456
8295
339500
79646
6051
3646
79830
29979
728558
9319
136051
26190
2869
648
8533
26135
118429
