100131454
7428
1995
3275
147804
27348
79587
28982
10557
9141
353091
11266
100128398
55833
2868
64219
6100
54952
22934
26190
55655
55798
79707
84645
58492
6838
10020
23234
162967
144983
286527
347733
10156
84342
4140
29911
10528
2802
23608
127544
150290
79230
6666
8550
79939
574407
284306
728116
653319
6993
80714
146198
100533496
670
139285
85369
79673
92806
282890
85028
54093
54811
403313
7566
23438
8761
124989
5546
29115
8665
100652739
10336
80746
375341
390927
22981
27342
85377
1973
79891
339448
126298
28511
3182
400713
124751
388327
57494
146540
26276
116225
79703
136051
84902
57728
550112
11091
26039
100132215
92675
5496
120227
22932
199786
100289678
23288
6234
11000
55691
79943
285676
55565
140688
79842
64789
25888
126295
114932
100506660
7553
5763
55778
374900
388228
374928
55717
388759
54660
57109
81875
114826
79863
6191
145483
780776
284600
96610
5313
7567
79788
388567
57763
54960
375607
115509
23361
5635
1627
54751
90204
7571
7691
2121
64091
57212
1400
6908
100507071
129831
9310
9851
220992
81928
92014
84695
55634
59348
11021
149986
56896
8603
54470
55715
56965
8233
84501
9422
23759
55577
25809
8563
79862
84932
100506063
7589
23567
54623
1809
6046
10160
9742
23098
339175
7507
151903
100507564
170954
57050
1943
55669
100631378
54802
9603
7620
541565
55830
432
349075
339665
256051
6996
50512
8859
79786
81571
10409
401207
54441
126299
4356
11333
7746
64425
23384
23660
83450
200765
55027
84547
147007
2800
129563
284565
29890
51466
9325
6882
30832
9533
10181
55520
10559
5623
11232
5387
57593
55761
9231
55813
29914
84126
100190938
26528
84734
79078
8439
100129060
144717
84942
2245
863
729873
8518
5987
7343
285598
7461
84667
132299
57701
60674
116447
8128
90410
124045
283104
100887750
11158
9203
115817
55184
65979
84167
9985
55006
6294
150291
64146
2909
79706
154313
4676
1840
6167
113235
22916
90060
83759
84464
115703
148479
55094
54841
8312
221496
421
90321
124930
100505696
4135
25794
389114
4858
27065
51447
116840
57727
374946
1911
9467
10597
25766
54328
11078
7710
80271
7483
641339
339230
7775
79173
677838
11159
197407
29959
55220
221527
130502
91574
2972
162962
4524
339559
84132
148254
79918
6871
345462
10579
58500
51477
7730
91603
29980
54874
728989
79829
147687
121642
353274
124401
402665
90678
100506963
2916
140612
1616
23119
401588
54797
144233
6634
338707
285962
80314
6597
23023
79898
79165
5891
54888
7216
374899
8193
7703
8187
81543
22846
51602
468
79631
7753
23645
80206
55180
57707
5210
26259
8882
92595
100132077
203068
387712
57191
9858
9569
642
56339
148103
728130
1687
79724
54825
55508
91283
24146
100125288
7633
29942
23401
9775
84033
55888
1773
83592
10807
23617
1153
55192
79848
4904
23378
23264
54520
10623
80198
57690
7468
57835
54915
54753
197021
100506123
26469
84450
9810
56623
1445
7673
55608
84268
84289
253769
81706
414189
10906
171177
84552
6715
221504
342945
285989
100506705
8893
5189
92979
6627
53407
23
1454
9688
27285
8527
79140
26017
201158
80233
100506215
388569
26986
653121
54487
10147
10585
9667
54620
51155
100128288
5900
137964
23139
11137
23508
5585
285755
9130
91012
27092
9986
11269
64375
65123
7712
7290
7442
80178
1503
57657
9112
57507
56886
1967
65108
84074
147929
728661
6452
170487
2130
55421
78997
55269
57655
56975
8816
5042
22955
23210
8487
6135
65980
57662
51530
84285
7596
128061
55578
55718
10850
728340
90333
64598
1676
28990
10626
83607
166793
9788
7846
29765
5050
7539
41
84717
8427
4141
57574
90075
9266
50485
150709
51347
10166
253039
147686
201255
7769
80196
9836
84124
26097
9443
64110
89970
57184
57473
23220
10691
7771
1937
54936
130916
64601
65110
10992
27097
84937
55869
7469
286077
222950
730051
127829
10469
2054
24148
7625
267002
1760
91392
6433
85406
145783
8841
79002
83732
6944
8148
79864
10038
29799
157695
132946
4247
170958
23543
200958
80345
1590
117246
23046
8106
55731
90233
121274
245812
128977
54020
55280
442523
84705
65012
9246
54581
26086
5935
92715
6749
27300
641977
143689
55743
10021
54853
7919
7621
9886
9811
90668
57470
89796
60312
6940
55644
27433
100499483
84671
84976
64582
11044
140700
84131
23299
647310
64943
83548
8220
90987
79753
9589
440730
80895
342909
23174
7503
60672
54993
10381
10498
2526
375189
4931
79643
55149
3607
2801
51690
63977
7755
65124
57486
11100
57479
81551
55152
57573
23211
84267
51072
51808
7561
4838
51412
342926
115196
6621
23241
51166
84923
56658
23157
79573
9869
342538
9441
10180
146771
58491
79741
89853
165324
114787
7692
84172
125972
3954
81029
285855
54540
441194
84775
9921
4799
29896
152002
3150
57649
388536
100170229
693185
4204
10224
24144
64772
10956
79813
654434
617
728643
11180
54862
9191
55154
29960
2671
5452
414208
8607
51281
27429
25792
23030
9278
56850
54617
58525
163051
54619
55702
10785
113763
51291
56122
6146
219541
79969
57335
3550
84255
57541
91442
9682
7576
54455
55720
84179
126017
83541
79684
285696
114044
399761
55512
79874
57794
4691
162968
154386
54956
10343
6399
90379
29781
79066
3728
10893
677825
55339
140831
8558
5303
118881
114609
2781
10652
51385
29092
4144
84317
9933
100129917
4335
81577
644019
8568
284069
55844
440434
342357
55690
3720
23404
56624
8313
65988
9567
169270
10013
81831
64410
55692
113540
51098
440270
80304
27153
10262
387032
2618
100130274
84273
196385
2178
27304
51074
124961
9118
51031
100507217
57666
5296
80128
284371
29889
100506679
57597
8420
7307
64708
26160
11094
157922
2979
27013
6924
84513
54974
125919
100132103
80741
60509
10523
27043
6421
2888
60561
51686
54756
5894
207
89845
55257
55100
9170
10227
83693
25799
548321
57719
60492
55114
84678
7204
100507171
92181
84629
23326
9543
23481
6124
401127
163059
259294
285590
3615
375484
149076
10520
5695
90378
91893
80153
10297
91975
163033
57533
100506054
7391
26149
404093
55713
10951
57523
55835
80317
553103
27327
57482
84622
11108
117608
155382
84726
729723
6874
284338
100507018
10978
138050
55663
220359
3187
30827
128854
84307
79701
55082
9880
55646
286128
3927
9989
83886
11189
7551
148156
10938
22897
51111
147694
1857
65109
22978
5394
8310
100130155
80152
661
123263
152756
54807
3621
2582
153830
60680
3417
8480
81888
9683
27148
5514
55659
9392
5150
84243
11190
196403
79169
2186
157773
5226
55558
55596
65260
22983
5936
23774
84656
79595
84246
57787
81794
29102
79175
3609
124245
7156
57567
7554
9208
7917
6229
206412
3149
401884
7552
7587
2889
22985
84449
7410
81847
9274
4047
6942
7371
81890
10919
6714
26472
22919
134637
9649
375133
85021
4670
25853
6335
91272
26094
215
3177
11054
11132
3104
115704
57715
388152
6636
3704
10023
165918
54934
57332
5740
442075
4157
54879
92558
11214
727866
78999
84164
84765
8242
7569
60678
27291
23354
5980
23432
8872
154467
81856
90861
93109
9150
25904
5256
10524
57761
8535
26751
22835
1263
23598
10782
9618
5636
57722
2782
57595
64320
4236
57176
1155
84247
23399
4137
4678
79034
9334
54477
9706
9814
23613
260294
100507057
5917
23636
79570
10602
219
84939
91694
4597
84503
126792
29945
91661
55900
55906
146050
80728
7784
100130219
2254
8667
51192
55330
100885850
23403
317648
2048
23412
9440
400986
729288
3263
147040
80313
79768
5373
140710
23152
90592
79930
100499177
374654
80778
115560
8609
196513
375323
5116
90324
8498
153478
54676
6894
5433
54663
90441
653712
100507246
51588
8288
875
9939
79726
205147
123722
7675
53944
80069
79731
100506321
143282
23332
7014
11056
57696
4194
9984
8897
9704
10201
10625
80164
9470
58506
10844
10612
27113
51260
473
23067
23178
8396
3614
115416
78994
5700
10861
28981
339327
5429
10620
7515
23534
55677
91833
54552
5194
5884
58486
57038
414919
79948
5881
64857
84851
51428
29888
54991
57545
55721
23141
23406
8894
23169
286410
79159
126549
80335
81669
100286844
79591
112869
833
1398
256643
6477
51747
4150
64779
64434
54207
80095
79744
80108
51147
6202
84218
4839
84196
774
23394
9823
284018
3189
79465
284900
57178
151507
158160
147949
9675
253725
51244
2850
8111
8772
51548
84221
79913
147011
340385
6904
160428
84467
2521
8881
55172
155061
90007
56882
130557
55621
5893
10500
339829
4485
5531
6418
284004
92283
100506351
677781
4609
26802
379025
441027
56342
57648
124056
494513
27245
373863
6231
259307
79661
1002
114879
84076
26155
9605
63894
23623
100271927
9894
100130449
200172
1594
79736
9447
899
25917
92691
400506
51720
23318
63979
11173
5316
399664
653483
55262
4320
158234
83858
692212
51399
4014
1427
203522
7581
100101267
57224
25800
100507459
54870
79709
55064
114659
84826
149175
261734
79690
147166
440854
155054
65244
1107
6341
126374
26048
285074
84804
283876
388323
55775
7051
10322
64599
643529
25776
400818
9125
55055
100506518
283629
170685
54963
3897
83892
11062
7693
54442
55716
64763
80774
8573
23082
387990
25907
84924
123169
8883
439931
63035
4216
84306
339400
23170
9696
100506930
169981
219527
23135
55964
51441
84908
84838
55552
23005
2189
51309
2784
124944
3797
126375
90525
84881
2622
9045
8851
55112
55122
8824
692312
9110
493812
84911
65989
10428
23149
8904
100289635
80256
163049
59274
202559
5533
55321
10724
51759
9578
90957
784
79029
10743
80381
80862
51175
339453
26152
23247
140461
26121
51177
339287
7626
7752
9820
51251
8462
348327
984
255758
55362
26098
1641
11267
8019
2591
388969
60626
38
6253
10228
8479
8379
147808
28992
126231
8481
55657
9967
84970
7733
23560
693206
93624
401262
9988
5202
79893
92105
9898
339541
283416
7772
728404
93134
55747
56478
347148
11136
23066
23275
9702
23276
253639
10658
6497
26548
6173
7627
84163
55209
23246
57343
83637
90362
91782
88745
123096
10425
64207
171023
151613
284406
150776
23360
57673
91752
51021
1786
25880
285464
83890
56971
80279
27297
10576
23426
22992
90594
5498
441518
26993
130026
57634
7837
57489
317781
1506
83933
387893
143941
80179
22863
375316
56652
27336
6455
126248
347273
84206
9013
5912
79680
7329
374819
2962
9230
23026
29998
4899
1558
27079
49855
79047
79867
23513
23085
6950
84946
221914
64718
23087
152518
57474
155435
57680
64780
285352
149297
11097
6168
5598
8241
55810
25970
3714
6434
8451
7353
11129
80740
9701
7280
8440
83723
100861510
1613
353174
57670
9221
65243
64773
220001
9019
55219
4613
91151
1009
6903
65249
6598
90799
22994
80305
10199
64324
51160
11075
57661
51667
9943
7916
55661
10014
25862
118424
22832
84809
79139
64841
374786
54675
317
57805
11116
7678
100506310
114034
84914
9873
84138
23028
400955
1729
29121
10825
84318
10072
5036
84461
751071
54475
9757
84444
57404
170961
51547
9987
5989
55249
7249
126382
9797
146227
10892
124790
9304
10921
6125
122945
5382
9139
22839
5319
6709
3995
2874
79153
100126348
29122
5032
94120
65220
55131
79811
283149
3978
9711
10408
286257
10748
6607
22984
55627
5425
8912
29997
552900
84901
729857
22880
6431
7166
1025
57693
401074
55780
441212
339666
5455
23168
93594
55205
57186
23093
823
84771
406908
2941
55917
51691
7379
26774
2194
11338
29072
9100
149420
79902
100287482
55316
24140
100128569
7761
57466
81576
7748
25983
1388
54752
84960
7709
7988
9889
146059
341208
163050
26058
339451
7267
79711
25980
5152
5134
29123
64925
1018
50853
192670
57636
60493
387104
51657
401303
114784
6002
84140
645079
8642
340591
645513
26151
47
7536
171017
81857
100128979
79654
6143
55680
643836
96764
10682
374969
22982
11329
201191
28988
100128640
25926
79025
100131997
201161
11083
4598
10864
2073
581
22834
55795
93627
65268
317662
9904
222194
285429
26800
3785
399687
646851
7543
5190
6154
64145
92714
4298
222901
23456
5146
123872
284001
83756
54910
255057
100527964
57622
7638
1677
10421
79447
389524
54707
4795
11282
100126582
8890
93273
196792
63922
100507053
151963
147699
222229
5576
79970
79759
55625
9755
9121
283731
64745
26013
100130111
23309
79441
115950
10172
10717
4595
201232
100885864
100526737
1196
6430
85451
65055
10747
7372
100129215
344558
26122
387509
462
91319
57801
80263
348807
92822
6483
605
58496
57502
23151
23002
79850
407975
440515
253980
64770
9328
6949
90850
440603
5252
10948
566
65057
9129
23476
7565
26118
55929
26233
4300
114783
8874
9831
79364
220081
51320
23013
113691
54923
684959
55957
64766
51455
11013
7352
80167
26502
3184
56132
22838
158
4152
9733
23644
26330
57549
55160
23590
29933
51386
79071
83695
168620
100287722
284309
10817
442578
653308
24147
22809
84148
353355
54627
219537
284307
54768
2742
11183
54932
84861
7024
57639
85376
2646
8175
55626
5589
71
390940
1876
9736
53917
84619
389119
7016
283446
