23338
23017
55275
4074
9825
282973
10302
23410
4122
57692
55361
9099
259232
7109
100131755
9776
55852
6327
27020
5660
6734
351
64506
79932
310
2036
10326
11153
23176
27351
201514
7102
55163
127262
55245
9777
4905
5621
645974
10618
9093
50717
7458
7084
553115
9673
146691
8506
64061
9913
1804
55069
6773
57062
123016
57463
535
10391
16
100885778
776
121456
55177
529
5037
2805
129049
29965
4720
4130
64689
10525
1798
23315
93426
10057
9927
84900
3765
55041
4836
56850
25974
144195
79137
100288181
7453
23127
57468
8565
80737
5073
79065
9737
10939
78987
221545
5604
492
6786
55764
26056
54742
11076
8926
54842
254531
55625
30845
23357
599
2145
23420
80262
151313
1639
140735
6638
89910
23479
2071
645121
80025
80003
4779
3712
148641
26999
51573
164832
6529
80207
9391
9903
81565
100128252
2952
10061
100129540
23582
5383
140809
192683
9185
2734
23492
56894
113451
79831
23339
6892
83692
100506634
8729
10947
26090
2948
8675
84926
9828
3419
3718
3127
144423
100506714
2821
9912
55654
23052
55902
56172
23163
50813
129685
7070
5923
2629
23208
6293
27034
8871
55650
23387
55337
56940
22874
5869
9829
81873
5476
54828
25778
2017
5601
54867
23025
766
284613
54865
622
5315
83605
79608
3064
55655
83873
3163
1718
1759
8605
55324
64409
11041
9895
537
1508
54707
5223
22928
23035
57095
140885
29993
6311
84909
26100
139425
113419
54682
9764
26507
285368
23164
9746
6548
92521
6812
221002
51550
2801
23229
10928
23710
57709
253190
23242
60370
9145
9577
64112
10564
6447
54458
57659
55722
26580
51400
400073
83854
9909
83752
117145
9900
317781
5791
7259
91695
84448
57478
8455
10669
1774
783
283455
23125
9717
23558
126823
339804
9922
196740
1314
85442
27165
10125
5170
22993
84866
55753
5126
145567
55585
7008
9784
267
146923
124454
8760
9866
1183
9690
9844
54884
9275
9382
9762
284615
3354
56941
291
9066
10598
4261
6730
55778
210
100127947
127254
5522
5798
7226
84302
28976
5395
205564
6272
63891
23381
23428
84771
25953
51310
57446
23633
79837
340156
10444
57020
7277
6534
7030
8775
51429
83746
27339
311
100874032
23386
388403
79015
6853
8165
1604
8927
6519
64771
6390
80331
10239
5428
6988
84987
84276
81570
29062
226
55090
729911
23113
103
23335
10955
9054
100506462
955
5071
285533
285367
8567
135112
6416
150726
85445
27069
2827
23154
3778
65018
441272
1200
1173
51094
23270
5528
11336
3916
283871
200014
4209
114928
6817
83394
55665
414765
5909
59084
57552
89801
246330
22930
51092
4354
63908
8799
6575
10553
441869
22865
388662
54749
28955
4967
66004
55228
25830
79991
27175
79644
4704
4190
58477
340554
23621
130752
5306
528
285175
30849
23367
3628
123688
222865
5799
203190
54978
8566
3073
128637
54438
57613
51517
51272
79154
22924
53
84918
10039
55260
55666
115
200081
91663
5768
376267
10507
2902
8120
23061
51606
55187
3123
400745
91869
842
65009
57185
342371
55323
64744
22883
399697
79955
90809
6515
8514
488
84975
6821
747
10982
309
2794
5162
23647
1845
79810
8678
440435
6049
130074
84254
79102
526
55154
6900
55588
51341
54681
5027
816
5297
90121
9400
51227
55735
118
51560
29092
22888
26051
7416
2806
6711
64210
56052
4974
399979
5824
25901
271
8945
9796
10134
8867
1606
6844
9962
5524
25829
9854
54522
260293
492311
259217
54890
6772
123775
29114
22820
112755
9677
8576
93164
5871
28965
4660
387338
9670
642636
440073
26003
51604
8291
9681
7533
10739
3069
80235
6616
139735
25940
100130093
55572
25981
84820
27122
23616
56246
6389
826
146223
1795
1185
896
6854
55831
24139
114804
2026
1780
100286925
114791
79962
83849
9173
4942
79589
9771
389337
55750
4123
9899
5631
2039
23368
6376
93185
6334
2983
340529
79177
339983
541468
6545
3382
83660
340371
10614
22848
283820
57134
90411
4355
55747
51085
6855
51619
100131320
9053
65996
29126
2785
64840
5097
9826
5026
100507342
26268
23341
273
339263
29944
79041
10309
100049587
11040
497258
10307
23065
460
377
118813
9751
23787
8522
5160
100189589
81894
23038
9625
6774
58492
55246
23307
5580
9215
112609
51665
5432
11325
6535
7167
78991
25979
26267
10120
2588
7508
481
3257
112950
400322
582
59349
60313
92335
55530
256714
283284
9921
23105
1838
55861
51307
26297
9722
50
23077
22927
23096
87
5817
140707
51075
50651
692099
1408
63893
65083
7165
5538
399665
128486
10514
9114
25900
7706
55662
283219
1235
10188
9581
148808
8611
84893
283373
898
347
808
84342
119391
8509
9725
6875
284486
9807
333929
440040
1571
23336
11143
1133
9127
64965
23162
4199
57169
2571
5588
54788
5905
401251
10384
2235
57026
4340
84895
166348
10211
5641
109
11226
25921
9404
378805
516
115584
221191
10753
9827
127700
4248
55652
100134259
79622
8869
2475
255022
161779
26094
64137
64434
60528
7301
6830
23235
2686
22895
50636
7018
284439
51393
2272
23108
5860
84440
3831
5213
85452
66035
54805
84720
59342
128989
5590
3098
83593
5430
148979
84134
27345
60491
283130
79680
9709
126433
11334
5046
55593
5594
386597
55108
64756
118426
117248
339855
5864
2086
57658
220002
6553
6857
51603
56853
54914
4719
196463
112937
200728
8549
6609
55466
20
2894
825
64146
23070
286042
57118
23780
445577
727957
284348
1981
3134
55030
10826
84892
4141
1620
1209
23196
6642
158135
286336
84912
9498
5058
57213
476
51102
1213
1318
9842
123720
283985
54982
51277
55298
80227
130617
6770
23031
3290
8079
7266
745
5988
283638
100049716
10775
54472
6301
4862
10486
2677
150159
2744
10420
7163
124976
55281
23114
9644
169841
5101
26289
506
63917
5214
147
8722
729234
11272
10110
272
100506882
162
84852
11346
23555
4864
6833
26470
57605
84856
7504
25837
59343
57731
84735
79629
2743
4144
23385
342035
5653
57168
5566
2709
8924
6035
5794
84871
29802
10900
23223
84814
79873
18
51440
610
1141
146330
57406
57172
2185
5110
5463
26160
9703
770
55700
134
400566
118460
692094
2934
79885
5468
547
23205
283848
5230
58504
51172
51434
408050
57467
3423
57460
6653
57143
79784
80344
29916
51195
23308
79152
4358
64834
56478
406
5291
8237
1649
56341
9578
11182
10007
11212
5129
147179
94005
23324
94015
7798
374882
63905
23092
200232
7754
127253
782
2550
4815
133121
79814
57410
5141
51059
10858
51528
10231
3131
22853
56243
10382
90529
2802
51292
2847
389197
23258
79089
644596
115196
79956
221477
79147
4185
2566
85358
84934
100129973
11155
23466
440021
8809
27296
9568
6499
26037
5019
55670
104
114781
100302174
11138
22866
442524
63925
976
8622
50614
9217
10105
4216
255275
9372
23396
84944
285362
64122
152206
51062
24142
23786
400746
348938
203197
201266
56927
51271
57505
6778
23349
121601
51654
100129196
440446
9758
55231
445
26872
55611
7433
89782
80023
133522
162514
284427
261729
4097
6997
57184
147746
7325
972
5602
81609
154790
64768
64208
9779
8553
400451
253314
54946
334
2342
338328
10655
2992
50840
2705
23250
79641
54872
4835
100874212
51669
1509
100874158
132200
10230
407004
644873
3737
22891
9645
5168
883
9507
55129
2314
161725
55356
9892
11188
29070
26133
643246
54877
4351
55352
1514
100133545
51090
57414
5646
801
6257
9855
5161
339344
80212
54414
4985
491
3119
113791
6539
125113
51382
8745
100128782
140775
10058
5298
84630
51149
79085
378884
23233
64837
686
51704
80325
27102
64101
158471
79815
51286
80020
6196
8000
4943
8632
6891
8774
128218
338651
653739
574432
80210
116362
1874
100289098
10999
23604
80303
55966
57469
51433
254887
134549
815
57582
29
51303
338699
114881
57476
55182
11309
83697
2166
79018
5414
4809
118442
57017
2331
317648
55317
118738
54849
51728
3052
2030
8495
57571
25769
343990
85457
9727
222236
317749
5707
5961
122970
23051
151126
9524
171024
348840
63916
113655
1821
79365
22884
54814
10195
2907
8408
23583
752
144110
9515
155060
611
55313
478
57644
3300
1039
6557
100631383
60386
534
26030
4705
253039
322
5010
252969
9513
50649
55624
2274
79905
100133091
285830
3312
4099
3745
10314
26001
5581
100287922
9687
10712
2065
728730
6647
140459
5493
2931
1410
9481
2114
7905
7355
54776
23130
4758
774
4234
81533
9666
54997
79073
2861
219539
4947
730130
26015
5365
392
100506544
6819
26112
11145
1954
23252
23179
2134
140679
203259
9761
5467
778
54847
259236
10043
256586
9802
408263
57475
100130197
5305
23305
6620
2769
79683
7093
51754
5708
84993
760
55095
54662
10342
26578
4036
57210
196500
3274
85414
28232
100131897
160
523
412
25803
3988
23259
1741
8911
65992
7145
4884
3268
3306
2720
1952
286075
201163
51337
83850
2648
643853
23136
374986
22870
2213
26576
4647
387804
5575
25861
57706
548596
57338
144577
116173
159195
2
54899
339005
80142
55346
1593
6867
23193
4642
284716
391
10073
23646
3029
83694
3313
221823
80213
8269
64412
79639
55359
256472
2583
55080
8943
55819
257396
285150
100132272
128866
3984
25771
100128675
200407
8808
283537
51768
4924
387590
10908
54332
55859
9665
55258
23167
8314
1416
64755
254428
9369
57030
4088
654429
100529261
1380
151556
9267
266812
89866
7447
90637
957
84561
8618
10322
65982
50650
3631
408
284252
57718
390637
23120
11245
23207
4152
90780
51127
130367
22980
55226
9875
8266
4302
254359
832
79672
23769
23116
54769
55168
11093
1123
4043
25819
2926
25789
56675
92558
1287
79745
5376
631
8398
162968
121260
83861
56181
7332
85379
7920
23600
5081
4628
5818
7389
11240
527
400
79143
5091
27072
5573
140883
3117
441151
57504
5209
29920
23
55207
7062
23291
8777
100506384
6456
84182
200373
115708
402
64118
9719
518
80028
399829
26353
64897
3376
1742
55267
23101
400553
100129518
50865
100507582
10868
57704
57165
4166
933
53637
7376
79594
10347
4129
3736
401474
23514
4891
26287
56912
64423
4674
554235
23057
5822
51807
222068
55054
563
1267
100287428
3756
887
1908
340562
146712
1371
3790
9143
8672
4790
26038
2903
58512
7126
84084
389840
55422
29988
55806
1609
114088
1040
64777
388646
6775
4993
11140
51119
3656
7869
3798
57720
22950
22879
333
25999
401994
2055
116138
90639
8974
25793
474170
9148
64849
83547
9583
10566
4702
100130933
56904
9473
57496
192668
79953
123041
219293
26355
10005
79735
8987
127733
29906
2949
84064
100507547
163882
3752
8720
25849
126075
2170
126248
5138
79719
54933
11343
25864
23671
168667
81790
23457
11261
56981
8195
84193
25758
2346
9823
150379
130813
3232
90627
5048
55061
9783
115557
92291
144165
3231
9993
60484
340348
80273
51621
54765
8502
1556
22986
3788
57488
4118
93643
23632
10150
10159
374868
5190
23395
1307
6242
402055
23762
274
552900
26034
3993
10016
50488
59339
26284
4782
84940
5993
92806
6687
158062
100463486
5354
127703
100129128
80349
93611
5534
57194
65981
116236
51148
84287
27248
283358
23148
91949
57559
80222
23536
386724
55617
84286
9915
1016
10313
100506725
1128
2259
54820
9414
7529
3749
9344
23463
1819
79157
3767
84836
321
150147
84327
29956
83478
1816
6712
55315
201229
65264
4293
23344
5924
57142
55102
5875
10681
2554
85449
54509
441509
7066
10922
80775
229
27242
26013
5795
118427
5116
345757
26995
91039
84498
64167
105
23552
27244
3106
9693
57576
57617
29925
6262
85365
51555
80333
23504
64798
3594
344967
64400
9211
54566
7368
159090
9221
54545
9609
9028
10193
100129858
258010
54480
643008
64900
3139
389072
4885
6622
51559
55748
2887
55808
55331
549
6927
131870
3420
57452
30818
9647
1778
100289580
10133
91683
4306
284521
140766
100133234
3251
56255
92999
1121
93210
7732
2319
84514
57477
55176
729013
7173
26298
148252
10814
10953
8612
55799
3748
158931
100507439
11068
7248
79726
10687
2892
100506637
84542
64420
2878
3373
26095
10670
1892
8555
285800
3710
27124
440574
5188
100132987
21
4771
3990
57804
53916
440584
91734
54432
84435
10223
400046
152302
100128262
2592
5705
139322
6000
283547
5603
81037
80219
57512
100287225
27352
3249
81621
79602
10505
152110
112724
8395
7386
118611
100303755
100128264
10015
113
100128811
26232
84079
91050
8476
25943
84939
1844
8925
11322
80347
3489
8604
54902
7701
3887
23274
23460
54737
8560
7384
96610
79038
161
6586
23516
90990
6440
64760
55008
84796
54033
149345
401548
6998
55924
5337
23348
57594
100505828
81
256227
3680
10296
3846
9711
9020
5607
114987
1534
347736
10815
131408
775
3775
10404
3362
55793
53344
29978
23221
57003
51655
90204
5218
6414
