9880
1809
8761
84247
28511
64789
57727
54994
10336
23234
83607
80153
8310
85369
5210
84547
550112
57707
85406
115509
9682
219527
57541
139285
171023
57645
57693
64595
79863
8480
375346
84450
8653
54993
170954
27348
79969
342357
25809
91782
5780
29890
126375
6924
57510
1503
145483
55761
3927
7753
64858
282890
157922
26039
79796
23326
7917
2121
84132
23598
11180
54751
9889
28982
137964
9869
55691
1400
54487
113763
23210
9343
81875
58491
11128
7775
54442
51155
387647
8897
152002
9567
23534
388567
751071
22880
197407
9831
89970
1979
7596
23432
23394
27097
54874
2526
55421
55917
91442
84678
7216
55888
22984
47
5894
256051
57533
1445
65108
23617
83759
8462
9569
382
79188
23076
100129917
8287
10906
84902
5987
10626
8816
23543
56129
4140
84255
25853
8284
149986
27342
441518
5373
9925
10201
9392
9100
93109
163051
148254
90233
55747
22982
148479
9019
3954
79173
55734
11091
9730
285598
8882
57805
50628
10238
203068
10765
23174
84937
81566
100506679
3609
7371
342909
1973
388327
54870
728661
53349
23450
57335
54808
5150
92014
129790
55720
11269
56652
79813
90362
7317
84976
207
54328
55756
2245
27065
6714
23774
53944
128854
23299
81543
80335
9203
79829
149175
54455
221785
9683
60312
84552
9688
55613
5514
60
113540
29843
10228
51684
643529
51111
10121
353274
84206
9110
2618
166793
10602
55219
8609
80206
23214
51291
23384
55775
55964
1627
3321
81846
100499177
9810
653121
283489
23139
5226
8019
92806
7158
283104
4086
54619
2048
57673
8128
9943
79684
55743
55094
83541
10421
729288
23759
11214
22829
8888
6908
1729
54956
23406
5717
100190938
541565
55715
728116
91893
84172
7468
83892
80304
387104
23608
400960
3728
79805
58500
147007
22919
9231
22978
23220
1641
64219
6480
221504
8703
9632
10160
11108
25980
6664
23327
55342
85460
92105
55798
23332
80314
55193
6749
1454
2178
121665
83693
7772
79570
221527
23186
29799
54841
4300
57643
50809
57482
79364
56121
3275
55027
8915
7625
80317
7204
29914
84838
5256
100533496
57116
22846
57507
8527
9219
6597
56126
79869
79862
92181
661
148156
11083
65244
27042
9191
57655
64324
51320
100507171
5253
401127
705
388228
1457
54756
4356
55906
1656
63826
85464
2733
9675
54475
57680
81029
112936
79595
150864
54497
7549
84513
6904
124045
55716
121274
51021
25929
8427
92595
54910
22835
7410
10691
55668
22803
1840
147694
55512
84749
25888
7407
65988
57472
71
10949
5469
57670
9788
30832
100506963
55339
9416
8851
57567
192670
144717
54471
2976
65249
10042
256643
388569
23098
267002
23279
81606
4615
23623
83695
23028
7343
11279
10262
9816
10893
11044
23178
25893
10168
10020
56061
54470
23030
221914
10579
23636
29102
10652
8665
79786
5740
54904
4087
7965
9742
64708
63977
5316
5598
23426
401884
100130219
23042
114132
80196
56893
100505624
147804
79753
56896
3797
27
8861
5832
140612
7678
9315
1808
51230
84131
23660
9570
26133
55833
90957
22981
57343
9989
605
7290
148103
93624
10962
374900
54520
284309
641339
147040
171177
9729
7567
9618
23046
1982
8396
5576
5062
11021
49855
95681
9649
7746
23644
2086
7752
23361
5198
24145
84548
65243
149420
22872
60626
26190
80381
9870
23276
9972
56965
25799
5296
90379
100506380
374946
90060
6780
79591
55689
10795
402665
9898
6996
9859
11094
26011
10594
10940
92017
10498
339175
375607
80313
23567
283876
5546
7693
9467
400720
8220
3776
90874
84271
835
55578
7584
5523
8607
93973
7544
5042
65267
57657
55596
155061
10072
284307
51054
85453
152687
55565
8573
23528
150290
57186
145783
54915
607
25800
65999
7703
116447
90324
10919
1994
284406
9875
7189
84167
54888
5912
285676
79034
7536
22823
57649
862
79939
26986
144983
56125
9985
23082
1263
26108
1995
2149
125919
728927
57182
81619
57494
138050
65250
10500
389114
23403
55167
125972
1786
55626
84503
84163
9334
91445
57144
6192
440730
80233
23170
81796
57486
23318
7014
9440
347273
7589
162962
57717
54752
90317
85440
100505696
23248
51455
650368
56478
8880
2035
1911
7988
153830
57147
57498
55083
10409
140680
8642
8720
5287
9797
9919
10643
93474
6602
9329
23358
1388
63894
11158
54807
124961
6666
84449
23141
23211
10363
9698
9439
5496
9125
899
8550
31
80339
29888
100289678
440915
147166
4135
80128
22858
91975
54927
54838
5433
27297
85462
119
2782
23085
55729
10664
10013
8563
284058
55175
286527
84725
11100
3607
205147
54660
22869
54676
55718
2909
4238
100289635
57178
9886
51412
140688
9087
54020
10785
84920
10322
100506705
84695
7633
63035
1660
1857
9767
11276
23185
90007
9747
9543
4799
7156
6146
63027
84498
79071
4330
339287
84553
84226
79728
7804
63979
51421
1998
7249
64375
139599
284900
60560
27324
728130
84456
10625
84775
23405
9967
23023
196513
23135
55577
9468
347733
54811
51366
317
64864
23265
85377
342926
64943
65260
26259
65124
91
57089
116840
8658
54834
7581
57154
4610
80095
63897
343702
29927
64601
23339
7565
23331
653319
643749
8904
400955
81831
57574
9733
50512
9266
7566
55770
57523
54454
7182
59353
64895
84464
22934
10381
79680
27013
93
28969
9736
7733
643836
283106
54799
4841
11338
5036
55341
8940
7579
113235
10992
1951
8289
2941
55343
80851
152518
7712
54802
23019
6046
9113
9139
285696
10408
6713
54974
4320
8440
197320
84924
283518
55810
10869
22856
1453
54934
10658
440957
7554
23168
25862
3182
9294
84328
79057
8805
7789
9785
114787
56946
57216
7862
90333
79631
246126
220359
79864
4047
114879
203245
10916
401588
64410
149076
114044
6328
127544
6942
440515
23014
7267
9820
6715
89796
79943
7922
9170
22828
9836
10892
81928
115196
26086
8776
388969
54901
23589
8445
55558
27043
23119
56980
7994
89853
137886
285349
6873
257397
126792
51755
26036
1659
643837
8859
91283
11052
133619
7551
11073
23511
24140
9258
57179
8312
196385
3980
57459
11159
84671
10155
92675
2742
100505678
10528
29072
146198
4838
10523
55728
10206
9860
389362
10021
7155
8295
148867
64857
84726
10570
85508
11173
80742
7404
57715
81539
57549
171017
11183
5635
11237
9118
9202
10985
780776
4613
79850
147947
11333
717
80818
54906
126298
10657
51617
5394
84461
64598
27291
23503
8708
7561
9500
7637
22985
10520
51479
55727
26472
23002
23383
51460
10432
4137
23240
100506660
7846
2975
23380
151507
4858
254122
65980
26136
22916
23067
25943
7771
1387
147949
670
200424
10951
54764
23126
159013
10983
352954
23438
8975
55813
196528
2241
124930
26276
57224
94120
55690
51386
54926
344558
3643
55683
57695
401010
204962
339559
10166
7903
90861
10389
79441
4076
340533
55055
11056
5050
84135
25896
91526
1778
143187
10844
4684
4609
10147
100170229
5802
390927
2176
7511
120227
169981
51441
84267
23269
92979
30000
100379224
7700
84516
65220
9150
26098
57599
152992
54581
150291
57492
30837
25
2042
284443
84243
57474
80198
8841
389524
5936
64750
84273
387712
6567
2334
219
403341
51477
5616
64145
23288
81856
22889
84140
54542
51343
55628
57522
164
2969
91833
51009
7539
55205
11329
1009
8021
54540
129563
54825
55068
901
115703
1478
8508
8907
56623
56252
58525
153478
8313
64425
387032
57336
64763
100134361
60509
92691
26017
155006
83887
128077
100128398
55249
57648
125170
23039
283149
5564
22850
83723
158431
23352
6503
642
7569
3658
11075
5636
8621
23350
57611
1107
2869
9441
6405
9793
9221
92
3038
7415
57647
147015
23508
23157
79654
51385
7695
58497
57606
1072
25850
9397
283194
56133
5189
55131
5585
1645
284338
1525
283337
64780
25987
9832
389677
3704
5770
9851
8912
3149
83548
285346
5709
23177
57585
1687
4139
5565
90485
57466
9873
7391
54467
6874
7582
151963
51351
26528
84622
79673
56124
55243
6598
7705
5980
55180
80264
6671
25885
23329
8202
57621
10623
10885
7469
152006
114960
201158
10137
9726
6840
6018
4152
84614
10156
2073
5362
79848
4247
4904
150
54952
27285
51447
9711
57677
93134
283731
140700
100506063
55226
121512
132299
23054
1677
60412
2935
85364
9704
654433
8603
54617
375323
1463
27340
7379
5313
84467
29766
26122
29959
3608
90378
432
84872
55454
1002
2072
22992
221656
10236
27125
6452
57473
200765
2972
653483
647310
1000
58490
24148
89781
81577
55127
11078
5989
55671
26058
64682
538
8518
7461
162427
5800
54790
657
29934
8570
23013
222663
9491
10970
4602
7564
8218
1616
80774
6185
126069
26164
222255
10644
58499
10180
84705
23036
5326
158586
79913
7576
374879
10762
55731
6477
83592
79709
23564
494470
57701
8193
3417
84126
3897
6721
84530
26040
91120
79230
25917
51166
375484
7329
54881
91752
4131
421
10938
7428
54505
6601
55506
403313
388552
6335
55609
79892
347344
10734
57573
8449
91801
91694
400506
10052
55196
100653515
5892
140831
23150
124583
2968
6654
4848
2194
26009
3978
23060
55257
57688
168455
7046
84826
80271
56916
10489
5900
57448
84138
5335
148268
11189
27436
136051
144347
90321
9759
4221
79872
55705
100861402
2189
8175
23262
6461
7748
63935
144233
26286
60625
80727
170958
116225
5927
259294
57684
55149
9757
414245
54823
1800
55776
6483
5550
93436
7812
4756
124751
155382
3720
55696
22893
79465
26277
10427
55634
23087
390980
78997
3796
54936
9112
93594
79692
8492
9960
56128
9906
23768
115560
5533
2188
2058
1462
2521
253143
23347
132946
51548
342945
23708
3054
57724
100126321
79158
2889
284069
868
25820
65055
27092
1108
5831
26167
84285
9841
3187
9470
24144
285590
7675
7745
51667
55904
6294
96764
57761
9968
1743
100529144
220979
92092
339324
23043
130074
5431
79711
56122
51585
55663
64430
4524
84629
7919
10802
54891
51244
8473
91151
55181
79827
79140
58486
643
11198
23097
9715
158427
219537
23522
57662
79029
55100
23603
92370
79724
27439
26043
3615
79646
26053
22834
26502
51107
9933
114885
340385
23509
284349
7594
158866
100288346
54856
9188
5194
9057
152137
2186
126231
8925
9852
54778
6887
9015
79047
441191
79731
84932
57171
79648
57553
7090
9422
80816
57593
27304
80731
1646
9753
9631
81027
6993
90268
84790
60672
7586
5087
2054
3480
7520
85300
140710
23132
10079
645323
81794
65979
6092
23284
25822
23020
23140
6832
7716
26130
10311
2290
1943
9031
1975
84859
27328
51720
54331
81571
7621
100131132
10297
7552
23379
5455
90649
401491
7620
54880
57209
64783
5529
23468
6709
117608
57623
93273
84620
6399
150368
4597
10509
55022
57479
1642
646892
100129543
79573
55379
24149
1268
2673
51147
280
10915
100128640
4363
2582
26115
9710
2835
257068
123355
90525
158160
56474
7553
147686
100873945
23266
4676
10659
84667
55709
6624
114904
7091
91584
9980
284371
55362
55035
55135
55218
904
91664
124245
5599
59345
65012
2033
57634
4215
55216
2130
645455
4850
100526737
92335
22820
116115
56886
9246
84164
9325
7077
11250
7251
100131454
197021
29855
10142
25796
25942
90987
376940
84085
53635
92935
25766
10825
4798
56130
10172
60468
139324
7571
1938
56995
155054
85451
55762
146050
100130449
50485
55622
1612
84002
8303
84645
11137
2132
26504
10371
57212
1859
142689
51294
23095
94241
4301
128710
11011
4839
55171
83985
6418
5859
2932
128977
84612
23165
546
10018
9923
51274
23506
253980
151230
1978
1896
253782
2275
4089
4649
26097
55330
27030
387509
89795
10847
51773
7701
3621
51100
79703
57578
9128
441027
1143
9310
79891
140775
10075
100506866
57661
26985
54700
153163
57332
23645
9647
10521
1122
4783
9879
64925
23545
25836
57109
57484
22832
10752
27005
25792
123879
9520
27245
29121
284600
124925
7328
1655
83931
150353
51182
30827
6944
9646
79643
64121
55116
23316
10921
4335
100506351
10181
340485
1716
65057
51317
79139
339500
29928
55128
7841
6124
9827
22954
10299
81545
374969
693206
647044
134266
162967
10277
441194
26575
80351
1789
619279
10724
5531
7296
6576
3837
54848
51283
9818
22887
10620
388730
5881
7691
57337
57470
80164
22877
340578
6591
147657
4899
8241
10742
83732
54886
57678
64426
3925
1407
11266
10682
84527
51177
4297
643314
7837
349136
23334
146771
151473
79068
23411
8715
9853
10565
29942
255967
9929
7562
201255
80714
9794
145858
55500
60684
84196
148206
60680
66000
9678
253639
10224
6732
118881
23169
26057
25776
7982
284257
126299
790
91661
51466
55740
51593
55209
6455
256987
7150
84102
5806
9282
133746
23389
6683
9920
163
55327
51101
55070
2137
6621
54873
57690
84881
5959
55534
215
5591
284004
84295
149041
56132
79902
26156
23005
653269
27327
3842
285755
58155
8874
54921
84224
283446
55654
8028
170685
55236
147929
4931
100287902
